##TITLE= /u/exp/stan/nmr/lists/wave.hwt/eburp1.64
##JCAMP-DX= 5.00 Bruker JCAMP library
##DATA TYPE= Shape Data
##ORIGIN= Bruker Analytik GmbH
##OWNER= <demo>
##DATE= 99/01/25
##TIME= 18:58:03
##MINX= 9.416952e-01
##MAXX= 9.999999e+01
##MINY= 0.000000e+00
##MAXY= 1.800000e+02
##$SHAPE_EXMODE= None
##$SHAPE_TOTROT= 0.000000e+00
##$SHAPE_BWFAC= 0.000000e+00
##$SHAPE_INTEGFAC= 6.727310e-02
##$SHAPE_MODE= 1
##NPOINTS= 64
##XYPOINTS= (XY..XY)
1.701454e+00, 0.000000e+00
9.416952e-01, 1.800000e+02
2.906963e+00, 1.800000e+02
4.273925e+00, 1.800000e+02
5.200572e+00, 1.800000e+02
5.900641e+00, 1.800000e+02
6.570335e+00, 1.800000e+02
7.304339e+00, 1.800000e+02
8.046132e+00, 1.800000e+02
8.599978e+00, 1.800000e+02
8.701376e+00, 1.800000e+02
8.114649e+00, 1.800000e+02
6.714374e+00, 1.800000e+02
4.516679e+00, 1.800000e+02
1.651880e+00, 1.800000e+02
1.701483e+00, 0.000000e+00
5.383662e+00, 0.000000e+00
9.286098e+00, 0.000000e+00
1.333354e+01, 0.000000e+00
1.742798e+01, 0.000000e+00
2.138770e+01, 0.000000e+00
2.491882e+01, 0.000000e+00
2.764064e+01, 0.000000e+00
2.915880e+01, 0.000000e+00
2.915434e+01, 0.000000e+00
2.744675e+01, 0.000000e+00
2.400068e+01, 0.000000e+00
1.887442e+01, 0.000000e+00
1.213998e+01, 0.000000e+00
3.823820e+00, 0.000000e+00
6.087682e+00, 1.800000e+02
1.756273e+01, 1.800000e+02
3.038403e+01, 1.800000e+02
4.401399e+01, 1.800000e+02
5.753511e+01, 1.800000e+02
6.971481e+01, 1.800000e+02
7.919747e+01, 1.800000e+02
8.477427e+01, 1.800000e+02
8.564408e+01, 1.800000e+02
8.157616e+01, 1.800000e+02
7.291784e+01, 1.800000e+02
6.044860e+01, 1.800000e+02
4.514068e+01, 1.800000e+02
2.792124e+01, 1.800000e+02
9.527378e+00, 1.800000e+02
9.497051e+00, 0.000000e+00
2.867685e+01, 0.000000e+00
4.742480e+01, 0.000000e+00
6.490347e+01, 0.000000e+00
8.001313e+01, 0.000000e+00
9.153686e+01, 0.000000e+00
9.840672e+01, 0.000000e+00
9.999999e+01, 0.000000e+00
9.635477e+01, 0.000000e+00
8.821979e+01, 0.000000e+00
7.691184e+01, 0.000000e+00
6.402355e+01, 0.000000e+00
5.107677e+01, 0.000000e+00
3.923154e+01, 0.000000e+00
2.913398e+01, 0.000000e+00
2.093060e+01, 0.000000e+00
1.441562e+01, 0.000000e+00
9.235186e+00, 0.000000e+00
5.064785e+00, 0.000000e+00
##END= 
