##TITLE= G3
##JCAMP-DX= 5.00 Bruker JCAMP library
##DATA TYPE= Shape Data
##ORIGIN= Bruker BioSpin GmbH
##OWNER= <demo>
##DATE= 2018/12/03
##TIME= 10:48:09
##$SHAPE_PARAMETERS= Type: GaussCascadeG3
##MINX= 1.229993E-01
##MAXX= 9.999985E01
##MINY= 0.000000E00
##MAXY= 1.800000E02
##$SHAPE_EXMODE= Universal180
##$SHAPE_TOTROT= 1.800000E02
##$SHAPE_TYPE= Refocussing
##$SHAPE_USER_DEF= 
##$SHAPE_REPHFAC= 
##$SHAPE_BWFAC= 3.418000E00
##$SHAPE_BWFAC50= 
##$SHAPE_INTEGFAC= 1.393138E-01
##$SHAPE_MODE= 0
##NPOINTS= 1000
##XYPOINTS= (XY..XY)
1.229993E-01, 1.800000E02
1.285932E-01, 1.800000E02
1.344206E-01, 1.800000E02
1.404903E-01, 1.800000E02
1.468112E-01, 1.800000E02
1.533928E-01, 1.800000E02
1.602445E-01, 1.800000E02
1.673762E-01, 1.800000E02
1.747983E-01, 1.800000E02
1.825211E-01, 1.800000E02
1.905555E-01, 1.800000E02
1.989127E-01, 1.800000E02
2.076043E-01, 1.800000E02
2.166419E-01, 1.800000E02
2.260379E-01, 1.800000E02
2.358049E-01, 1.800000E02
2.459556E-01, 1.800000E02
2.565035E-01, 1.800000E02
2.674622E-01, 1.800000E02
2.788458E-01, 1.800000E02
2.906688E-01, 1.800000E02
3.029461E-01, 1.800000E02
3.156929E-01, 1.800000E02
3.289250E-01, 1.800000E02
3.426585E-01, 1.800000E02
3.569100E-01, 1.800000E02
3.716966E-01, 1.800000E02
3.870356E-01, 1.800000E02
4.029451E-01, 1.800000E02
4.194435E-01, 1.800000E02
4.365496E-01, 1.800000E02
4.542828E-01, 1.800000E02
4.726629E-01, 1.800000E02
4.917104E-01, 1.800000E02
5.114461E-01, 1.800000E02
5.318913E-01, 1.800000E02
5.530680E-01, 1.800000E02
5.749985E-01, 1.800000E02
5.977058E-01, 1.800000E02
6.212134E-01, 1.800000E02
6.455453E-01, 1.800000E02
6.707262E-01, 1.800000E02
6.967811E-01, 1.800000E02
7.237357E-01, 1.800000E02
7.516164E-01, 1.800000E02
7.804500E-01, 1.800000E02
8.102640E-01, 1.800000E02
8.410862E-01, 1.800000E02
8.729454E-01, 1.800000E02
9.058708E-01, 1.800000E02
9.398920E-01, 1.800000E02
9.750397E-01, 1.800000E02
1.011345E00, 1.800000E02
1.048839E00, 1.800000E02
1.087554E00, 1.800000E02
1.127523E00, 1.800000E02
1.168779E00, 1.800000E02
1.211358E00, 1.800000E02
1.255292E00, 1.800000E02
1.300618E00, 1.800000E02
1.347371E00, 1.800000E02
1.395588E00, 1.800000E02
1.445307E00, 1.800000E02
1.496564E00, 1.800000E02
1.549398E00, 1.800000E02
1.603849E00, 1.800000E02
1.659956E00, 1.800000E02
1.717759E00, 1.800000E02
1.777298E00, 1.800000E02
1.838616E00, 1.800000E02
1.901754E00, 1.800000E02
1.966755E00, 1.800000E02
2.033662E00, 1.800000E02
2.102518E00, 1.800000E02
2.173368E00, 1.800000E02
2.246258E00, 1.800000E02
2.321231E00, 1.800000E02
2.398334E00, 1.800000E02
2.477614E00, 1.800000E02
2.559117E00, 1.800000E02
2.642891E00, 1.800000E02
2.728983E00, 1.800000E02
2.817443E00, 1.800000E02
2.908318E00, 1.800000E02
3.001658E00, 1.800000E02
3.097514E00, 1.800000E02
3.195934E00, 1.800000E02
3.296969E00, 1.800000E02
3.400670E00, 1.800000E02
3.507089E00, 1.800000E02
3.616276E00, 1.800000E02
3.728284E00, 1.800000E02
3.843165E00, 1.800000E02
3.960970E00, 1.800000E02
4.081752E00, 1.800000E02
4.205565E00, 1.800000E02
4.332460E00, 1.800000E02
4.462492E00, 1.800000E02
4.595712E00, 1.800000E02
4.732175E00, 1.800000E02
4.871933E00, 1.800000E02
5.015040E00, 1.800000E02
5.161549E00, 1.800000E02
5.311514E00, 1.800000E02
5.464987E00, 1.800000E02
5.622021E00, 1.800000E02
5.782670E00, 1.800000E02
5.946986E00, 1.800000E02
6.115021E00, 1.800000E02
6.286828E00, 1.800000E02
6.462459E00, 1.800000E02
6.641964E00, 1.800000E02
6.825396E00, 1.800000E02
7.012804E00, 1.800000E02
7.204239E00, 1.800000E02
7.399751E00, 1.800000E02
7.599389E00, 1.800000E02
7.803201E00, 1.800000E02
8.011234E00, 1.800000E02
8.223537E00, 1.800000E02
8.440155E00, 1.800000E02
8.661134E00, 1.800000E02
8.886518E00, 1.800000E02
9.116351E00, 1.800000E02
9.350676E00, 1.800000E02
9.589535E00, 1.800000E02
9.832968E00, 1.800000E02
1.008101E01, 1.800000E02
1.033371E01, 1.800000E02
1.059110E01, 1.800000E02
1.085321E01, 1.800000E02
1.112008E01, 1.800000E02
1.139175E01, 1.800000E02
1.166824E01, 1.800000E02
1.194958E01, 1.800000E02
1.223581E01, 1.800000E02
1.252694E01, 1.800000E02
1.282301E01, 1.800000E02
1.312404E01, 1.800000E02
1.343005E01, 1.800000E02
1.374106E01, 1.800000E02
1.405708E01, 1.800000E02
1.437814E01, 1.800000E02
1.470425E01, 1.800000E02
1.503542E01, 1.800000E02
1.537165E01, 1.800000E02
1.571297E01, 1.800000E02
1.605937E01, 1.800000E02
1.641085E01, 1.800000E02
1.676742E01, 1.800000E02
1.712907E01, 1.800000E02
1.749580E01, 1.800000E02
1.786761E01, 1.800000E02
1.824449E01, 1.800000E02
1.862641E01, 1.800000E02
1.901338E01, 1.800000E02
1.940536E01, 1.800000E02
1.980235E01, 1.800000E02
2.020432E01, 1.800000E02
2.061124E01, 1.800000E02
2.102309E01, 1.800000E02
2.143983E01, 1.800000E02
2.186143E01, 1.800000E02
2.228786E01, 1.800000E02
2.271907E01, 1.800000E02
2.315502E01, 1.800000E02
2.359566E01, 1.800000E02
2.404094E01, 1.800000E02
2.449082E01, 1.800000E02
2.494523E01, 1.800000E02
2.540412E01, 1.800000E02
2.586743E01, 1.800000E02
2.633508E01, 1.800000E02
2.680701E01, 1.800000E02
2.728315E01, 1.800000E02
2.776343E01, 1.800000E02
2.824776E01, 1.800000E02
2.873606E01, 1.800000E02
2.922824E01, 1.800000E02
2.972423E01, 1.800000E02
3.022392E01, 1.800000E02
3.072722E01, 1.800000E02
3.123403E01, 1.800000E02
3.174425E01, 1.800000E02
3.225778E01, 1.800000E02
3.277450E01, 1.800000E02
3.329430E01, 1.800000E02
3.381707E01, 1.800000E02
3.434269E01, 1.800000E02
3.487103E01, 1.800000E02
3.540198E01, 1.800000E02
3.593539E01, 1.800000E02
3.647115E01, 1.800000E02
3.700911E01, 1.800000E02
3.754914E01, 1.800000E02
3.809110E01, 1.800000E02
3.863483E01, 1.800000E02
3.918020E01, 1.800000E02
3.972706E01, 1.800000E02
4.027524E01, 1.800000E02
4.082460E01, 1.800000E02
4.137497E01, 1.800000E02
4.192619E01, 1.800000E02
4.247810E01, 1.800000E02
4.303053E01, 1.800000E02
4.358332E01, 1.800000E02
4.413628E01, 1.800000E02
4.468924E01, 1.800000E02
4.524203E01, 1.800000E02
4.579447E01, 1.800000E02
4.634637E01, 1.800000E02
4.689754E01, 1.800000E02
4.744782E01, 1.800000E02
4.799699E01, 1.800000E02
4.854489E01, 1.800000E02
4.909130E01, 1.800000E02
4.963605E01, 1.800000E02
5.017892E01, 1.800000E02
5.071974E01, 1.800000E02
5.125829E01, 1.800000E02
5.179437E01, 1.800000E02
5.232780E01, 1.800000E02
5.285836E01, 1.800000E02
5.338585E01, 1.800000E02
5.391006E01, 1.800000E02
5.443080E01, 1.800000E02
5.494784E01, 1.800000E02
5.546100E01, 1.800000E02
5.597006E01, 1.800000E02
5.647481E01, 1.800000E02
5.697504E01, 1.800000E02
5.747055E01, 1.800000E02
5.796113E01, 1.800000E02
5.844656E01, 1.800000E02
5.892665E01, 1.800000E02
5.940118E01, 1.800000E02
5.986994E01, 1.800000E02
6.033273E01, 1.800000E02
6.078935E01, 1.800000E02
6.123957E01, 1.800000E02
6.168321E01, 1.800000E02
6.212006E01, 1.800000E02
6.254991E01, 1.800000E02
6.297256E01, 1.800000E02
6.338780E01, 1.800000E02
6.379546E01, 1.800000E02
6.419531E01, 1.800000E02
6.458717E01, 1.800000E02
6.497085E01, 1.800000E02
6.534614E01, 1.800000E02
6.571287E01, 1.800000E02
6.607083E01, 1.800000E02
6.641985E01, 1.800000E02
6.675975E01, 1.800000E02
6.709033E01, 1.800000E02
6.741142E01, 1.800000E02
6.772285E01, 1.800000E02
6.802443E01, 1.800000E02
6.831600E01, 1.800000E02
6.859740E01, 1.800000E02
6.886845E01, 1.800000E02
6.912899E01, 1.800000E02
6.937886E01, 1.800000E02
6.961791E01, 1.800000E02
6.984599E01, 1.800000E02
7.006294E01, 1.800000E02
7.026862E01, 1.800000E02
7.046289E01, 1.800000E02
7.064560E01, 1.800000E02
7.081663E01, 1.800000E02
7.097584E01, 1.800000E02
7.112311E01, 1.800000E02
7.125831E01, 1.800000E02
7.138131E01, 1.800000E02
7.149202E01, 1.800000E02
7.159030E01, 1.800000E02
7.167607E01, 1.800000E02
7.174920E01, 1.800000E02
7.180961E01, 1.800000E02
7.185720E01, 1.800000E02
7.189187E01, 1.800000E02
7.191354E01, 1.800000E02
7.192213E01, 1.800000E02
7.191756E01, 1.800000E02
7.189975E01, 1.800000E02
7.186864E01, 1.800000E02
7.182416E01, 1.800000E02
7.176624E01, 1.800000E02
7.169484E01, 1.800000E02
7.160990E01, 1.800000E02
7.151137E01, 1.800000E02
7.139921E01, 1.800000E02
7.127338E01, 1.800000E02
7.113384E01, 1.800000E02
7.098056E01, 1.800000E02
7.081353E01, 1.800000E02
7.063270E01, 1.800000E02
7.043808E01, 1.800000E02
7.022964E01, 1.800000E02
7.000737E01, 1.800000E02
6.977127E01, 1.800000E02
6.952134E01, 1.800000E02
6.925758E01, 1.800000E02
6.898001E01, 1.800000E02
6.868862E01, 1.800000E02
6.838343E01, 1.800000E02
6.806447E01, 1.800000E02
6.773175E01, 1.800000E02
6.738531E01, 1.800000E02
6.702518E01, 1.800000E02
6.665138E01, 1.800000E02
6.626395E01, 1.800000E02
6.586295E01, 1.800000E02
6.544841E01, 1.800000E02
6.502037E01, 1.800000E02
6.457891E01, 1.800000E02
6.412406E01, 1.800000E02
6.365589E01, 1.800000E02
6.317445E01, 1.800000E02
6.267982E01, 1.800000E02
6.217207E01, 1.800000E02
6.165126E01, 1.800000E02
6.111746E01, 1.800000E02
6.057076E01, 1.800000E02
6.001124E01, 1.800000E02
5.943897E01, 1.800000E02
5.885404E01, 1.800000E02
5.825655E01, 1.800000E02
5.764657E01, 1.800000E02
5.702421E01, 1.800000E02
5.638956E01, 1.800000E02
5.574271E01, 1.800000E02
5.508377E01, 1.800000E02
5.441284E01, 1.800000E02
5.373002E01, 1.800000E02
5.303543E01, 1.800000E02
5.232916E01, 1.800000E02
5.161133E01, 1.800000E02
5.088205E01, 1.800000E02
5.014143E01, 1.800000E02
4.938959E01, 1.800000E02
4.862666E01, 1.800000E02
4.785274E01, 1.800000E02
4.706795E01, 1.800000E02
4.627243E01, 1.800000E02
4.546630E01, 1.800000E02
4.464967E01, 1.800000E02
4.382268E01, 1.800000E02
4.298545E01, 1.800000E02
4.213812E01, 1.800000E02
4.128082E01, 1.800000E02
4.041367E01, 1.800000E02
3.953682E01, 1.800000E02
3.865039E01, 1.800000E02
3.775452E01, 1.800000E02
3.684935E01, 1.800000E02
3.593501E01, 1.800000E02
3.501165E01, 1.800000E02
3.407940E01, 1.800000E02
3.313842E01, 1.800000E02
3.218883E01, 1.800000E02
3.123078E01, 1.800000E02
3.026442E01, 1.800000E02
2.928989E01, 1.800000E02
2.830733E01, 1.800000E02
2.731691E01, 1.800000E02
2.631875E01, 1.800000E02
2.531302E01, 1.800000E02
2.429986E01, 1.800000E02
2.327943E01, 1.800000E02
2.225187E01, 1.800000E02
2.121734E01, 1.800000E02
2.017600E01, 1.800000E02
1.912799E01, 1.800000E02
1.807349E01, 1.800000E02
1.701263E01, 1.800000E02
1.594559E01, 1.800000E02
1.487252E01, 1.800000E02
1.379359E01, 1.800000E02
1.270895E01, 1.800000E02
1.161877E01, 1.800000E02
1.052321E01, 1.800000E02
9.422447E00, 1.800000E02
8.316636E00, 1.800000E02
7.205951E00, 1.800000E02
6.090559E00, 1.800000E02
4.970634E00, 1.800000E02
3.846346E00, 1.800000E02
2.717871E00, 1.800000E02
1.585383E00, 1.800000E02
4.490591E-01, 1.800000E02
6.909218E-01, 0.000000E00
1.834380E00, 0.000000E00
2.981134E00, 0.000000E00
4.131001E00, 0.000000E00
5.283796E00, 0.000000E00
6.439333E00, 0.000000E00
7.597423E00, 0.000000E00
8.757877E00, 0.000000E00
9.920503E00, 0.000000E00
1.108511E01, 0.000000E00
1.225150E01, 0.000000E00
1.341947E01, 0.000000E00
1.458883E01, 0.000000E00
1.575938E01, 0.000000E00
1.693092E01, 0.000000E00
1.810323E01, 0.000000E00
1.927612E01, 0.000000E00
2.044938E01, 0.000000E00
2.162279E01, 0.000000E00
2.279614E01, 0.000000E00
2.396923E01, 0.000000E00
2.514182E01, 0.000000E00
2.631372E01, 0.000000E00
2.748469E01, 0.000000E00
2.865451E01, 0.000000E00
2.982297E01, 0.000000E00
3.098983E01, 0.000000E00
3.215487E01, 0.000000E00
3.331786E01, 0.000000E00
3.447857E01, 0.000000E00
3.563676E01, 0.000000E00
3.679221E01, 0.000000E00
3.794468E01, 0.000000E00
3.909392E01, 0.000000E00
4.023970E01, 0.000000E00
4.138178E01, 0.000000E00
4.251992E01, 0.000000E00
4.365387E01, 0.000000E00
4.478339E01, 0.000000E00
4.590823E01, 0.000000E00
4.702814E01, 0.000000E00
4.814288E01, 0.000000E00
4.925219E01, 0.000000E00
5.035583E01, 0.000000E00
5.145353E01, 0.000000E00
5.254506E01, 0.000000E00
5.363015E01, 0.000000E00
5.470856E01, 0.000000E00
5.578002E01, 0.000000E00
5.684429E01, 0.000000E00
5.790110E01, 0.000000E00
5.895020E01, 0.000000E00
5.999134E01, 0.000000E00
6.102425E01, 0.000000E00
6.204869E01, 0.000000E00
6.306440E01, 0.000000E00
6.407112E01, 0.000000E00
6.506861E01, 0.000000E00
6.605659E01, 0.000000E00
6.703483E01, 0.000000E00
6.800307E01, 0.000000E00
6.896106E01, 0.000000E00
6.990855E01, 0.000000E00
7.084529E01, 0.000000E00
7.177103E01, 0.000000E00
7.268553E01, 0.000000E00
7.358855E01, 0.000000E00
7.447984E01, 0.000000E00
7.535917E01, 0.000000E00
7.622630E01, 0.000000E00
7.708098E01, 0.000000E00
7.792300E01, 0.000000E00
7.875213E01, 0.000000E00
7.956812E01, 0.000000E00
8.037077E01, 0.000000E00
8.115986E01, 0.000000E00
8.193516E01, 0.000000E00
8.269646E01, 0.000000E00
8.344355E01, 0.000000E00
8.417624E01, 0.000000E00
8.489431E01, 0.000000E00
8.559758E01, 0.000000E00
8.628584E01, 0.000000E00
8.695892E01, 0.000000E00
8.761661E01, 0.000000E00
8.825876E01, 0.000000E00
8.888519E01, 0.000000E00
8.949572E01, 0.000000E00
9.009019E01, 0.000000E00
9.066845E01, 0.000000E00
9.123034E01, 0.000000E00
9.177572E01, 0.000000E00
9.230445E01, 0.000000E00
9.281639E01, 0.000000E00
9.331141E01, 0.000000E00
9.378940E01, 0.000000E00
9.425023E01, 0.000000E00
9.469380E01, 0.000000E00
9.512000E01, 0.000000E00
9.552875E01, 0.000000E00
9.591994E01, 0.000000E00
9.629350E01, 0.000000E00
9.664935E01, 0.000000E00
9.698742E01, 0.000000E00
9.730766E01, 0.000000E00
9.761001E01, 0.000000E00
9.789442E01, 0.000000E00
9.816086E01, 0.000000E00
9.840929E01, 0.000000E00
9.863969E01, 0.000000E00
9.885204E01, 0.000000E00
9.904633E01, 0.000000E00
9.922257E01, 0.000000E00
9.938076E01, 0.000000E00
9.952091E01, 0.000000E00
9.964305E01, 0.000000E00
9.974721E01, 0.000000E00
9.983342E01, 0.000000E00
9.990174E01, 0.000000E00
9.995220E01, 0.000000E00
9.998488E01, 0.000000E00
9.999985E01, 0.000000E00
9.999717E01, 0.000000E00
9.997694E01, 0.000000E00
9.993925E01, 0.000000E00
9.988420E01, 0.000000E00
9.981189E01, 0.000000E00
9.972244E01, 0.000000E00
9.961597E01, 0.000000E00
9.949261E01, 0.000000E00
9.935250E01, 0.000000E00
9.919579E01, 0.000000E00
9.902262E01, 0.000000E00
9.883316E01, 0.000000E00
9.862756E01, 0.000000E00
9.840601E01, 0.000000E00
9.816868E01, 0.000000E00
9.791576E01, 0.000000E00
9.764744E01, 0.000000E00
9.736392E01, 0.000000E00
9.706541E01, 0.000000E00
9.675212E01, 0.000000E00
9.642426E01, 0.000000E00
9.608206E01, 0.000000E00
9.572576E01, 0.000000E00
9.535557E01, 0.000000E00
9.497176E01, 0.000000E00
9.457455E01, 0.000000E00
9.416421E01, 0.000000E00
9.374099E01, 0.000000E00
9.330515E01, 0.000000E00
9.285695E01, 0.000000E00
9.239667E01, 0.000000E00
9.192458E01, 0.000000E00
9.144096E01, 0.000000E00
9.094609E01, 0.000000E00
9.044025E01, 0.000000E00
8.992374E01, 0.000000E00
8.939686E01, 0.000000E00
8.885988E01, 0.000000E00
8.831313E01, 0.000000E00
8.775689E01, 0.000000E00
8.719147E01, 0.000000E00
8.661718E01, 0.000000E00
8.603432E01, 0.000000E00
8.544322E01, 0.000000E00
8.484417E01, 0.000000E00
8.423750E01, 0.000000E00
8.362352E01, 0.000000E00
8.300254E01, 0.000000E00
8.237489E01, 0.000000E00
8.174088E01, 0.000000E00
8.110084E01, 0.000000E00
8.045507E01, 0.000000E00
7.980390E01, 0.000000E00
7.914765E01, 0.000000E00
7.848664E01, 0.000000E00
7.782119E01, 0.000000E00
7.715161E01, 0.000000E00
7.647822E01, 0.000000E00
7.580134E01, 0.000000E00
7.512129E01, 0.000000E00
7.443837E01, 0.000000E00
7.375289E01, 0.000000E00
7.306518E01, 0.000000E00
7.237553E01, 0.000000E00
7.168425E01, 0.000000E00
7.099165E01, 0.000000E00
7.029803E01, 0.000000E00
6.960368E01, 0.000000E00
6.890891E01, 0.000000E00
6.821400E01, 0.000000E00
6.751925E01, 0.000000E00
6.682493E01, 0.000000E00
6.613135E01, 0.000000E00
6.543877E01, 0.000000E00
6.474747E01, 0.000000E00
6.405772E01, 0.000000E00
6.336980E01, 0.000000E00
6.268397E01, 0.000000E00
6.200048E01, 0.000000E00
6.131960E01, 0.000000E00
6.064157E01, 0.000000E00
5.996664E01, 0.000000E00
5.929506E01, 0.000000E00
5.862707E01, 0.000000E00
5.796289E01, 0.000000E00
5.730276E01, 0.000000E00
5.664689E01, 0.000000E00
5.599552E01, 0.000000E00
5.534884E01, 0.000000E00
5.470708E01, 0.000000E00
5.407042E01, 0.000000E00
5.343908E01, 0.000000E00
5.281324E01, 0.000000E00
5.219309E01, 0.000000E00
5.157881E01, 0.000000E00
5.097057E01, 0.000000E00
5.036856E01, 0.000000E00
4.977293E01, 0.000000E00
4.918384E01, 0.000000E00
4.860145E01, 0.000000E00
4.802591E01, 0.000000E00
4.745735E01, 0.000000E00
4.689592E01, 0.000000E00
4.634175E01, 0.000000E00
4.579496E01, 0.000000E00
4.525568E01, 0.000000E00
4.472401E01, 0.000000E00
4.420008E01, 0.000000E00
4.368397E01, 0.000000E00
4.317580E01, 0.000000E00
4.267565E01, 0.000000E00
4.218361E01, 0.000000E00
4.169976E01, 0.000000E00
4.122418E01, 0.000000E00
4.075694E01, 0.000000E00
4.029810E01, 0.000000E00
3.984773E01, 0.000000E00
3.940588E01, 0.000000E00
3.897259E01, 0.000000E00
3.854792E01, 0.000000E00
3.813191E01, 0.000000E00
3.772458E01, 0.000000E00
3.732597E01, 0.000000E00
3.693611E01, 0.000000E00
3.655500E01, 0.000000E00
3.618267E01, 0.000000E00
3.581913E01, 0.000000E00
3.546438E01, 0.000000E00
3.511842E01, 0.000000E00
3.478126E01, 0.000000E00
3.445287E01, 0.000000E00
3.413326E01, 0.000000E00
3.382239E01, 0.000000E00
3.352026E01, 0.000000E00
3.322684E01, 0.000000E00
3.294209E01, 0.000000E00
3.266600E01, 0.000000E00
3.239851E01, 0.000000E00
3.213958E01, 0.000000E00
3.188919E01, 0.000000E00
3.164727E01, 0.000000E00
3.141377E01, 0.000000E00
3.118865E01, 0.000000E00
3.097184E01, 0.000000E00
3.076328E01, 0.000000E00
3.056292E01, 0.000000E00
3.037067E01, 0.000000E00
3.018647E01, 0.000000E00
3.001026E01, 0.000000E00
2.984194E01, 0.000000E00
2.968145E01, 0.000000E00
2.952870E01, 0.000000E00
2.938361E01, 0.000000E00
2.924609E01, 0.000000E00
2.911606E01, 0.000000E00
2.899342E01, 0.000000E00
2.887809E01, 0.000000E00
2.876996E01, 0.000000E00
2.866894E01, 0.000000E00
2.857493E01, 0.000000E00
2.848784E01, 0.000000E00
2.840755E01, 0.000000E00
2.833397E01, 0.000000E00
2.826699E01, 0.000000E00
2.820651E01, 0.000000E00
2.815241E01, 0.000000E00
2.810458E01, 0.000000E00
2.806293E01, 0.000000E00
2.802732E01, 0.000000E00
2.799766E01, 0.000000E00
2.797383E01, 0.000000E00
2.795570E01, 0.000000E00
2.794318E01, 0.000000E00
2.793613E01, 0.000000E00
2.793445E01, 0.000000E00
2.793801E01, 0.000000E00
2.794671E01, 0.000000E00
2.796041E01, 0.000000E00
2.797900E01, 0.000000E00
2.800235E01, 0.000000E00
2.803036E01, 0.000000E00
2.806290E01, 0.000000E00
2.809985E01, 0.000000E00
2.814108E01, 0.000000E00
2.818649E01, 0.000000E00
2.823594E01, 0.000000E00
2.828932E01, 0.000000E00
2.834650E01, 0.000000E00
2.840737E01, 0.000000E00
2.847180E01, 0.000000E00
2.853969E01, 0.000000E00
2.861089E01, 0.000000E00
2.868530E01, 0.000000E00
2.876281E01, 0.000000E00
2.884328E01, 0.000000E00
2.892660E01, 0.000000E00
2.901265E01, 0.000000E00
2.910132E01, 0.000000E00
2.919249E01, 0.000000E00
2.928605E01, 0.000000E00
2.938187E01, 0.000000E00
2.947985E01, 0.000000E00
2.957987E01, 0.000000E00
2.968182E01, 0.000000E00
2.978558E01, 0.000000E00
2.989105E01, 0.000000E00
2.999811E01, 0.000000E00
3.010666E01, 0.000000E00
3.021658E01, 0.000000E00
3.032777E01, 0.000000E00
3.044012E01, 0.000000E00
3.055353E01, 0.000000E00
3.066789E01, 0.000000E00
3.078309E01, 0.000000E00
3.089904E01, 0.000000E00
3.101563E01, 0.000000E00
3.113277E01, 0.000000E00
3.125035E01, 0.000000E00
3.136827E01, 0.000000E00
3.148644E01, 0.000000E00
3.160476E01, 0.000000E00
3.172315E01, 0.000000E00
3.184149E01, 0.000000E00
3.195971E01, 0.000000E00
3.207771E01, 0.000000E00
3.219540E01, 0.000000E00
3.231269E01, 0.000000E00
3.242950E01, 0.000000E00
3.254574E01, 0.000000E00
3.266133E01, 0.000000E00
3.277618E01, 0.000000E00
3.289021E01, 0.000000E00
3.300334E01, 0.000000E00
3.311549E01, 0.000000E00
3.322658E01, 0.000000E00
3.333655E01, 0.000000E00
3.344530E01, 0.000000E00
3.355277E01, 0.000000E00
3.365889E01, 0.000000E00
3.376358E01, 0.000000E00
3.386678E01, 0.000000E00
3.396841E01, 0.000000E00
3.406842E01, 0.000000E00
3.416673E01, 0.000000E00
3.426328E01, 0.000000E00
3.435801E01, 0.000000E00
3.445085E01, 0.000000E00
3.454176E01, 0.000000E00
3.463067E01, 0.000000E00
3.471751E01, 0.000000E00
3.480225E01, 0.000000E00
3.488482E01, 0.000000E00
3.496517E01, 0.000000E00
3.504325E01, 0.000000E00
3.511901E01, 0.000000E00
3.519240E01, 0.000000E00
3.526338E01, 0.000000E00
3.533189E01, 0.000000E00
3.539791E01, 0.000000E00
3.546137E01, 0.000000E00
3.552225E01, 0.000000E00
3.558050E01, 0.000000E00
3.563608E01, 0.000000E00
3.568896E01, 0.000000E00
3.573910E01, 0.000000E00
3.578647E01, 0.000000E00
3.583104E01, 0.000000E00
3.587276E01, 0.000000E00
3.591162E01, 0.000000E00
3.594759E01, 0.000000E00
3.598063E01, 0.000000E00
3.601072E01, 0.000000E00
3.603784E01, 0.000000E00
3.606197E01, 0.000000E00
3.608308E01, 0.000000E00
3.610115E01, 0.000000E00
3.611616E01, 0.000000E00
3.612810E01, 0.000000E00
3.613694E01, 0.000000E00
3.614268E01, 0.000000E00
3.614530E01, 0.000000E00
3.614479E01, 0.000000E00
3.614114E01, 0.000000E00
3.613433E01, 0.000000E00
3.612436E01, 0.000000E00
3.611122E01, 0.000000E00
3.609491E01, 0.000000E00
3.607542E01, 0.000000E00
3.605274E01, 0.000000E00
3.602688E01, 0.000000E00
3.599783E01, 0.000000E00
3.596559E01, 0.000000E00
3.593017E01, 0.000000E00
3.589156E01, 0.000000E00
3.584978E01, 0.000000E00
3.580482E01, 0.000000E00
3.575669E01, 0.000000E00
3.570540E01, 0.000000E00
3.565095E01, 0.000000E00
3.559336E01, 0.000000E00
3.553264E01, 0.000000E00
3.546880E01, 0.000000E00
3.540184E01, 0.000000E00
3.533179E01, 0.000000E00
3.525866E01, 0.000000E00
3.518246E01, 0.000000E00
3.510321E01, 0.000000E00
3.502093E01, 0.000000E00
3.493564E01, 0.000000E00
3.484735E01, 0.000000E00
3.475609E01, 0.000000E00
3.466188E01, 0.000000E00
3.456474E01, 0.000000E00
3.446470E01, 0.000000E00
3.436177E01, 0.000000E00
3.425599E01, 0.000000E00
3.414737E01, 0.000000E00
3.403595E01, 0.000000E00
3.392176E01, 0.000000E00
3.380482E01, 0.000000E00
3.368515E01, 0.000000E00
3.356280E01, 0.000000E00
3.343779E01, 0.000000E00
3.331015E01, 0.000000E00
3.317992E01, 0.000000E00
3.304713E01, 0.000000E00
3.291180E01, 0.000000E00
3.277398E01, 0.000000E00
3.263370E01, 0.000000E00
3.249100E01, 0.000000E00
3.234591E01, 0.000000E00
3.219846E01, 0.000000E00
3.204870E01, 0.000000E00
3.189666E01, 0.000000E00
3.174238E01, 0.000000E00
3.158590E01, 0.000000E00
3.142726E01, 0.000000E00
3.126650E01, 0.000000E00
3.110365E01, 0.000000E00
3.093876E01, 0.000000E00
3.077187E01, 0.000000E00
3.060302E01, 0.000000E00
3.043225E01, 0.000000E00
3.025960E01, 0.000000E00
3.008512E01, 0.000000E00
2.990885E01, 0.000000E00
2.973083E01, 0.000000E00
2.955110E01, 0.000000E00
2.936971E01, 0.000000E00
2.918671E01, 0.000000E00
2.900212E01, 0.000000E00
2.881601E01, 0.000000E00
2.862841E01, 0.000000E00
2.843937E01, 0.000000E00
2.824893E01, 0.000000E00
2.805713E01, 0.000000E00
2.786403E01, 0.000000E00
2.766966E01, 0.000000E00
2.747408E01, 0.000000E00
2.727732E01, 0.000000E00
2.707943E01, 0.000000E00
2.688045E01, 0.000000E00
2.668044E01, 0.000000E00
2.647943E01, 0.000000E00
2.627748E01, 0.000000E00
2.607461E01, 0.000000E00
2.587089E01, 0.000000E00
2.566635E01, 0.000000E00
2.546104E01, 0.000000E00
2.525501E01, 0.000000E00
2.504829E01, 0.000000E00
2.484093E01, 0.000000E00
2.463298E01, 0.000000E00
2.442448E01, 0.000000E00
2.421547E01, 0.000000E00
2.400600E01, 0.000000E00
2.379611E01, 0.000000E00
2.358584E01, 0.000000E00
2.337523E01, 0.000000E00
2.316433E01, 0.000000E00
2.295318E01, 0.000000E00
2.274181E01, 0.000000E00
2.253028E01, 0.000000E00
2.231863E01, 0.000000E00
2.210688E01, 0.000000E00
2.189509E01, 0.000000E00
2.168330E01, 0.000000E00
2.147153E01, 0.000000E00
2.125984E01, 0.000000E00
2.104826E01, 0.000000E00
2.083684E01, 0.000000E00
2.062559E01, 0.000000E00
2.041458E01, 0.000000E00
2.020382E01, 0.000000E00
1.999336E01, 0.000000E00
1.978324E01, 0.000000E00
1.957349E01, 0.000000E00
1.936415E01, 0.000000E00
1.915524E01, 0.000000E00
1.894681E01, 0.000000E00
1.873889E01, 0.000000E00
1.853151E01, 0.000000E00
1.832471E01, 0.000000E00
1.811851E01, 0.000000E00
1.791295E01, 0.000000E00
1.770806E01, 0.000000E00
1.750387E01, 0.000000E00
1.730041E01, 0.000000E00
1.709771E01, 0.000000E00
1.689580E01, 0.000000E00
1.669470E01, 0.000000E00
1.649445E01, 0.000000E00
1.629507E01, 0.000000E00
1.609659E01, 0.000000E00
1.589903E01, 0.000000E00
1.570243E01, 0.000000E00
1.550680E01, 0.000000E00
1.531217E01, 0.000000E00
1.511856E01, 0.000000E00
1.492600E01, 0.000000E00
1.473450E01, 0.000000E00
1.454410E01, 0.000000E00
1.435481E01, 0.000000E00
1.416666E01, 0.000000E00
1.397965E01, 0.000000E00
1.379382E01, 0.000000E00
1.360919E01, 0.000000E00
1.342576E01, 0.000000E00
1.324356E01, 0.000000E00
1.306261E01, 0.000000E00
1.288292E01, 0.000000E00
1.270451E01, 0.000000E00
1.252739E01, 0.000000E00
1.235159E01, 0.000000E00
1.217710E01, 0.000000E00
1.200396E01, 0.000000E00
1.183216E01, 0.000000E00
1.166173E01, 0.000000E00
1.149267E01, 0.000000E00
1.132500E01, 0.000000E00
1.115873E01, 0.000000E00
1.099387E01, 0.000000E00
1.083043E01, 0.000000E00
1.066841E01, 0.000000E00
1.050784E01, 0.000000E00
1.034870E01, 0.000000E00
1.019102E01, 0.000000E00
1.003480E01, 0.000000E00
9.880048E00, 0.000000E00
9.726768E00, 0.000000E00
9.574967E00, 0.000000E00
9.424649E00, 0.000000E00
9.275821E00, 0.000000E00
9.128485E00, 0.000000E00
8.982646E00, 0.000000E00
8.838307E00, 0.000000E00
8.695471E00, 0.000000E00
8.554139E00, 0.000000E00
8.414315E00, 0.000000E00
8.275999E00, 0.000000E00
8.139192E00, 0.000000E00
8.003895E00, 0.000000E00
7.870108E00, 0.000000E00
7.737831E00, 0.000000E00
7.607062E00, 0.000000E00
7.477802E00, 0.000000E00
7.350047E00, 0.000000E00
7.223797E00, 0.000000E00
7.099048E00, 0.000000E00
6.975799E00, 0.000000E00
6.854046E00, 0.000000E00
6.733785E00, 0.000000E00
6.615013E00, 0.000000E00
6.497726E00, 0.000000E00
6.381919E00, 0.000000E00
6.267588E00, 0.000000E00
6.154727E00, 0.000000E00
6.043330E00, 0.000000E00
5.933393E00, 0.000000E00
5.824909E00, 0.000000E00
5.717871E00, 0.000000E00
5.612272E00, 0.000000E00
5.508107E00, 0.000000E00
5.405368E00, 0.000000E00
5.304046E00, 0.000000E00
5.204135E00, 0.000000E00
5.105627E00, 0.000000E00
##END=
