##TITLE= G3
##JCAMP-DX= 5.00 Bruker JCAMP library
##DATA TYPE= Shape Data
##ORIGIN= Bruker BioSpin GmbH
##OWNER= <demo>
##DATE= 2005/09/22
##TIME= 17:38:21
##$SHAPE_PARAMETERS= Type: GaussCascadeG3
##MINX= 1.229993E-01
##MAXX= 9.999742E01
##MINY= 0.000000E00
##MAXY= 1.800000E02
##$SHAPE_EXMODE= Universal180
##$SHAPE_TOTROT= 1.800000E02
##$SHAPE_TYPE= Refocussing
##$SHAPE_USER_DEF= 
##$SHAPE_REPHFAC= 
##$SHAPE_BWFAC= 3.556000E00
##$SHAPE_BWFAC50= 
##$SHAPE_INTEGFAC= 1.392381E-01
##$SHAPE_MODE= 0
##NPOINTS= 256
##XYPOINTS= (XY..XY)
1.229993E-01, 1.800000E02
1.462077E-01, 1.800000E02
1.733840E-01, 1.800000E02
2.051253E-01, 1.800000E02
2.421033E-01, 1.800000E02
2.850712E-01, 1.800000E02
3.348708E-01, 1.800000E02
3.924392E-01, 1.800000E02
4.588164E-01, 1.800000E02
5.351514E-01, 1.800000E02
6.227097E-01, 1.800000E02
7.228795E-01, 1.800000E02
8.371773E-01, 1.800000E02
9.672533E-01, 1.800000E02
1.114896E00, 1.800000E02
1.282034E00, 1.800000E02
1.470741E00, 1.800000E02
1.683231E00, 1.800000E02
1.921865E00, 1.800000E02
2.189137E00, 1.800000E02
2.487679E00, 1.800000E02
2.820246E00, 1.800000E02
3.189706E00, 1.800000E02
3.599031E00, 1.800000E02
4.051275E00, 1.800000E02
4.549554E00, 1.800000E02
5.097029E00, 1.800000E02
5.696872E00, 1.800000E02
6.352239E00, 1.800000E02
7.066236E00, 1.800000E02
7.841884E00, 1.800000E02
8.682076E00, 1.800000E02
9.589535E00, 1.800000E02
1.056677E01, 1.800000E02
1.161603E01, 1.800000E02
1.273924E01, 1.800000E02
1.393798E01, 1.800000E02
1.521341E01, 1.800000E02
1.656622E01, 1.800000E02
1.799659E01, 1.800000E02
1.950414E01, 1.800000E02
2.108788E01, 1.800000E02
2.274618E01, 1.800000E02
2.447669E01, 1.800000E02
2.627639E01, 1.800000E02
2.814147E01, 1.800000E02
3.006737E01, 1.800000E02
3.204877E01, 1.800000E02
3.407953E01, 1.800000E02
3.615277E01, 1.800000E02
3.826083E01, 1.800000E02
4.039532E01, 1.800000E02
4.254713E01, 1.800000E02
4.470652E01, 1.800000E02
4.686312E01, 1.800000E02
4.900603E01, 1.800000E02
5.112387E01, 1.800000E02
5.320488E01, 1.800000E02
5.523699E01, 1.800000E02
5.720791E01, 1.800000E02
5.910526E01, 1.800000E02
6.091663E01, 1.800000E02
6.262971E01, 1.800000E02
6.423239E01, 1.800000E02
6.571287E01, 1.800000E02
6.705974E01, 1.800000E02
6.826210E01, 1.800000E02
6.930967E01, 1.800000E02
7.019282E01, 1.800000E02
7.090269E01, 1.800000E02
7.143127E01, 1.800000E02
7.177141E01, 1.800000E02
7.191692E01, 1.800000E02
7.186257E01, 1.800000E02
7.160414E01, 1.800000E02
7.113841E01, 1.800000E02
7.046316E01, 1.800000E02
6.957720E01, 1.800000E02
6.848028E01, 1.800000E02
6.717313E01, 1.800000E02
6.565737E01, 1.800000E02
6.393547E01, 1.800000E02
6.201071E01, 1.800000E02
5.988714E01, 1.800000E02
5.756945E01, 1.800000E02
5.506299E01, 1.800000E02
5.237364E01, 1.800000E02
4.950780E01, 1.800000E02
4.647231E01, 1.800000E02
4.327440E01, 1.800000E02
3.992163E01, 1.800000E02
3.642188E01, 1.800000E02
3.278332E01, 1.800000E02
2.901435E01, 1.800000E02
2.512361E01, 1.800000E02
2.112000E01, 1.800000E02
1.701263E01, 1.800000E02
1.281087E01, 1.800000E02
8.524352E00, 1.800000E02
4.162983E00, 1.800000E02
2.630118E-01, 0.000000E00
4.743071E00, 0.000000E00
9.266270E00, 0.000000E00
1.382129E01, 0.000000E00
1.839641E01, 0.000000E00
2.297946E01, 0.000000E00
2.755784E01, 0.000000E00
3.211849E01, 0.000000E00
3.664794E01, 0.000000E00
4.113228E01, 0.000000E00
4.555723E01, 0.000000E00
4.990818E01, 0.000000E00
5.417021E01, 0.000000E00
5.832824E01, 0.000000E00
6.236705E01, 0.000000E00
6.627142E01, 0.000000E00
7.002623E01, 0.000000E00
7.361658E01, 0.000000E00
7.702794E01, 0.000000E00
8.024625E01, 0.000000E00
8.325812E01, 0.000000E00
8.605096E01, 0.000000E00
8.861307E01, 0.000000E00
9.093388E01, 0.000000E00
9.300401E01, 0.000000E00
9.481543E01, 0.000000E00
9.636157E01, 0.000000E00
9.763744E01, 0.000000E00
9.863969E01, 0.000000E00
9.936670E01, 0.000000E00
9.981862E01, 0.000000E00
9.999742E01, 0.000000E00
9.990687E01, 0.000000E00
9.955253E01, 0.000000E00
9.894173E01, 0.000000E00
9.808349E01, 0.000000E00
9.698847E01, 0.000000E00
9.566882E01, 0.000000E00
9.413814E01, 0.000000E00
9.241123E01, 0.000000E00
9.050407E01, 0.000000E00
8.843355E01, 0.000000E00
8.621737E01, 0.000000E00
8.387381E01, 0.000000E00
8.142159E01, 0.000000E00
7.887967E01, 0.000000E00
7.626706E01, 0.000000E00
7.360264E01, 0.000000E00
7.090500E01, 0.000000E00
6.819228E01, 0.000000E00
6.548202E01, 0.000000E00
6.279098E01, 0.000000E00
6.013507E01, 0.000000E00
5.752921E01, 0.000000E00
5.498723E01, 0.000000E00
5.252182E01, 0.000000E00
5.014444E01, 0.000000E00
4.786529E01, 0.000000E00
4.569327E01, 0.000000E00
4.363599E01, 0.000000E00
4.169976E01, 0.000000E00
3.988959E01, 0.000000E00
3.820925E01, 0.000000E00
3.666130E01, 0.000000E00
3.524713E01, 0.000000E00
3.396702E01, 0.000000E00
3.282024E01, 0.000000E00
3.180507E01, 0.000000E00
3.091893E01, 0.000000E00
3.015842E01, 0.000000E00
2.951941E01, 0.000000E00
2.899714E01, 0.000000E00
2.858630E01, 0.000000E00
2.828109E01, 0.000000E00
2.807529E01, 0.000000E00
2.796238E01, 0.000000E00
2.793558E01, 0.000000E00
2.798792E01, 0.000000E00
2.811228E01, 0.000000E00
2.830150E01, 0.000000E00
2.854841E01, 0.000000E00
2.884584E01, 0.000000E00
2.918672E01, 0.000000E00
2.956411E01, 0.000000E00
2.997120E01, 0.000000E00
3.040138E01, 0.000000E00
3.084823E01, 0.000000E00
3.130559E01, 0.000000E00
3.176753E01, 0.000000E00
3.222843E01, 0.000000E00
3.268292E01, 0.000000E00
3.312595E01, 0.000000E00
3.355277E01, 0.000000E00
3.395895E01, 0.000000E00
3.434039E01, 0.000000E00
3.469330E01, 0.000000E00
3.501424E01, 0.000000E00
3.530009E01, 0.000000E00
3.554806E01, 0.000000E00
3.575570E01, 0.000000E00
3.592089E01, 0.000000E00
3.604181E01, 0.000000E00
3.611699E01, 0.000000E00
3.614527E01, 0.000000E00
3.612578E01, 0.000000E00
3.605797E01, 0.000000E00
3.594158E01, 0.000000E00
3.577662E01, 0.000000E00
3.556339E01, 0.000000E00
3.530245E01, 0.000000E00
3.499460E01, 0.000000E00
3.464088E01, 0.000000E00
3.424256E01, 0.000000E00
3.380112E01, 0.000000E00
3.331821E01, 0.000000E00
3.279568E01, 0.000000E00
3.223554E01, 0.000000E00
3.163994E01, 0.000000E00
3.101115E01, 0.000000E00
3.035155E01, 0.000000E00
2.966363E01, 0.000000E00
2.894993E01, 0.000000E00
2.821307E01, 0.000000E00
2.745568E01, 0.000000E00
2.668044E01, 0.000000E00
2.589003E01, 0.000000E00
2.508710E01, 0.000000E00
2.427431E01, 0.000000E00
2.345424E01, 0.000000E00
2.262946E01, 0.000000E00
2.180243E01, 0.000000E00
2.097557E01, 0.000000E00
2.015118E01, 0.000000E00
1.933148E01, 0.000000E00
1.851857E01, 0.000000E00
1.771445E01, 0.000000E00
1.692099E01, 0.000000E00
1.613993E01, 0.000000E00
1.537288E01, 0.000000E00
1.462132E01, 0.000000E00
1.388659E01, 0.000000E00
1.316990E01, 0.000000E00
1.247231E01, 0.000000E00
1.179476E01, 0.000000E00
1.113805E01, 0.000000E00
1.050284E01, 0.000000E00
9.889677E00, 0.000000E00
9.298977E00, 0.000000E00
8.731039E00, 0.000000E00
8.186049E00, 0.000000E00
7.664088E00, 0.000000E00
7.165134E00, 0.000000E00
6.689071E00, 0.000000E00
6.235697E00, 0.000000E00
5.804729E00, 0.000000E00
5.395809E00, 0.000000E00
##END
