##TITLE= G4tr
##JCAMP-DX= 5.00 Bruker JCAMP library
##DATA TYPE= Shape Data
##ORIGIN= Bruker BioSpin GmbH
##OWNER= <demo>
##DATE= 2018/12/03
##TIME= 10:47:50
##$SHAPE_PARAMETERS= Type: GaussCascadeG4 Time Reversal
##MINX= 4.329627E-01
##MAXX= 9.800278E01
##MINY= 0.000000E00
##MAXY= 1.800000E02
##$SHAPE_EXMODE= Excitation
##$SHAPE_TOTROT= 9.000000E01
##$SHAPE_TYPE= Excitation
##$SHAPE_USER_DEF= 
##$SHAPE_REPHFAC= 
##$SHAPE_BWFAC= 7.820000E00
##$SHAPE_BWFAC50= 
##$SHAPE_INTEGFAC= 5.341843E-02
##$SHAPE_MODE= 0
##NPOINTS= 1000
##XYPOINTS= (XY..XY)
6.943608E00, 1.800000E02
7.159121E00, 1.800000E02
7.379206E00, 1.800000E02
7.603873E00, 1.800000E02
7.833133E00, 1.800000E02
8.066989E00, 1.800000E02
8.305443E00, 1.800000E02
8.548492E00, 1.800000E02
8.796128E00, 1.800000E02
9.048340E00, 1.800000E02
9.305114E00, 1.800000E02
9.566428E00, 1.800000E02
9.832258E00, 1.800000E02
1.010258E01, 1.800000E02
1.037735E01, 1.800000E02
1.065653E01, 1.800000E02
1.094009E01, 1.800000E02
1.122796E01, 1.800000E02
1.152011E01, 1.800000E02
1.181646E01, 1.800000E02
1.211696E01, 1.800000E02
1.242154E01, 1.800000E02
1.273012E01, 1.800000E02
1.304262E01, 1.800000E02
1.335896E01, 1.800000E02
1.367905E01, 1.800000E02
1.400278E01, 1.800000E02
1.433006E01, 1.800000E02
1.466079E01, 1.800000E02
1.499484E01, 1.800000E02
1.533210E01, 1.800000E02
1.567245E01, 1.800000E02
1.601576E01, 1.800000E02
1.636189E01, 1.800000E02
1.671070E01, 1.800000E02
1.706206E01, 1.800000E02
1.741580E01, 1.800000E02
1.777178E01, 1.800000E02
1.812982E01, 1.800000E02
1.848978E01, 1.800000E02
1.885146E01, 1.800000E02
1.921471E01, 1.800000E02
1.957934E01, 1.800000E02
1.994516E01, 1.800000E02
2.031199E01, 1.800000E02
2.067963E01, 1.800000E02
2.104788E01, 1.800000E02
2.141654E01, 1.800000E02
2.178540E01, 1.800000E02
2.215426E01, 1.800000E02
2.252289E01, 1.800000E02
2.289110E01, 1.800000E02
2.325864E01, 1.800000E02
2.362530E01, 1.800000E02
2.399086E01, 1.800000E02
2.435508E01, 1.800000E02
2.471774E01, 1.800000E02
2.507860E01, 1.800000E02
2.543743E01, 1.800000E02
2.579398E01, 1.800000E02
2.614803E01, 1.800000E02
2.649933E01, 1.800000E02
2.684765E01, 1.800000E02
2.719274E01, 1.800000E02
2.753436E01, 1.800000E02
2.787227E01, 1.800000E02
2.820623E01, 1.800000E02
2.853601E01, 1.800000E02
2.886135E01, 1.800000E02
2.918203E01, 1.800000E02
2.949780E01, 1.800000E02
2.980844E01, 1.800000E02
3.011370E01, 1.800000E02
3.041336E01, 1.800000E02
3.070718E01, 1.800000E02
3.099495E01, 1.800000E02
3.127644E01, 1.800000E02
3.155143E01, 1.800000E02
3.181970E01, 1.800000E02
3.208105E01, 1.800000E02
3.233526E01, 1.800000E02
3.258214E01, 1.800000E02
3.282148E01, 1.800000E02
3.305309E01, 1.800000E02
3.327679E01, 1.800000E02
3.349238E01, 1.800000E02
3.369970E01, 1.800000E02
3.389858E01, 1.800000E02
3.408885E01, 1.800000E02
3.427035E01, 1.800000E02
3.444293E01, 1.800000E02
3.460645E01, 1.800000E02
3.476077E01, 1.800000E02
3.490576E01, 1.800000E02
3.504130E01, 1.800000E02
3.516728E01, 1.800000E02
3.528359E01, 1.800000E02
3.539012E01, 1.800000E02
3.548680E01, 1.800000E02
3.557353E01, 1.800000E02
3.565025E01, 1.800000E02
3.571689E01, 1.800000E02
3.577339E01, 1.800000E02
3.581971E01, 1.800000E02
3.585580E01, 1.800000E02
3.588164E01, 1.800000E02
3.589720E01, 1.800000E02
3.590247E01, 1.800000E02
3.589746E01, 1.800000E02
3.588216E01, 1.800000E02
3.585658E01, 1.800000E02
3.582076E01, 1.800000E02
3.577472E01, 1.800000E02
3.571851E01, 1.800000E02
3.565217E01, 1.800000E02
3.557576E01, 1.800000E02
3.548936E01, 1.800000E02
3.539303E01, 1.800000E02
3.528687E01, 1.800000E02
3.517096E01, 1.800000E02
3.504540E01, 1.800000E02
3.491031E01, 1.800000E02
3.476580E01, 1.800000E02
3.461201E01, 1.800000E02
3.444905E01, 1.800000E02
3.427707E01, 1.800000E02
3.409622E01, 1.800000E02
3.390665E01, 1.800000E02
3.370854E01, 1.800000E02
3.350203E01, 1.800000E02
3.328732E01, 1.800000E02
3.306458E01, 1.800000E02
3.283400E01, 1.800000E02
3.259577E01, 1.800000E02
3.235010E01, 1.800000E02
3.209718E01, 1.800000E02
3.183724E01, 1.800000E02
3.157048E01, 1.800000E02
3.129712E01, 1.800000E02
3.101740E01, 1.800000E02
3.073153E01, 1.800000E02
3.043975E01, 1.800000E02
3.014230E01, 1.800000E02
2.983942E01, 1.800000E02
2.953135E01, 1.800000E02
2.921833E01, 1.800000E02
2.890062E01, 1.800000E02
2.857848E01, 1.800000E02
2.825214E01, 1.800000E02
2.792187E01, 1.800000E02
2.758793E01, 1.800000E02
2.725058E01, 1.800000E02
2.691007E01, 1.800000E02
2.656667E01, 1.800000E02
2.622064E01, 1.800000E02
2.587225E01, 1.800000E02
2.552176E01, 1.800000E02
2.516943E01, 1.800000E02
2.481553E01, 1.800000E02
2.446032E01, 1.800000E02
2.410407E01, 1.800000E02
2.374705E01, 1.800000E02
2.338950E01, 1.800000E02
2.303171E01, 1.800000E02
2.267393E01, 1.800000E02
2.231641E01, 1.800000E02
2.195943E01, 1.800000E02
2.160324E01, 1.800000E02
2.124810E01, 1.800000E02
2.089426E01, 1.800000E02
2.054198E01, 1.800000E02
2.019152E01, 1.800000E02
1.984312E01, 1.800000E02
1.949704E01, 1.800000E02
1.915352E01, 1.800000E02
1.881281E01, 1.800000E02
1.847516E01, 1.800000E02
1.814081E01, 1.800000E02
1.781001E01, 1.800000E02
1.748299E01, 1.800000E02
1.715999E01, 1.800000E02
1.684126E01, 1.800000E02
1.652702E01, 1.800000E02
1.621752E01, 1.800000E02
1.591298E01, 1.800000E02
1.561364E01, 1.800000E02
1.531973E01, 1.800000E02
1.503147E01, 1.800000E02
1.474910E01, 1.800000E02
1.447285E01, 1.800000E02
1.420293E01, 1.800000E02
1.393958E01, 1.800000E02
1.368302E01, 1.800000E02
1.343347E01, 1.800000E02
1.319116E01, 1.800000E02
1.295631E01, 1.800000E02
1.272915E01, 1.800000E02
1.250990E01, 1.800000E02
1.229877E01, 1.800000E02
1.209600E01, 1.800000E02
1.190181E01, 1.800000E02
1.171642E01, 1.800000E02
1.154005E01, 1.800000E02
1.137293E01, 1.800000E02
1.121528E01, 1.800000E02
1.106734E01, 1.800000E02
1.092931E01, 1.800000E02
1.080144E01, 1.800000E02
1.068396E01, 1.800000E02
1.057708E01, 1.800000E02
1.048103E01, 1.800000E02
1.039606E01, 1.800000E02
1.032239E01, 1.800000E02
1.026026E01, 1.800000E02
1.020989E01, 1.800000E02
1.017152E01, 1.800000E02
1.014540E01, 1.800000E02
1.013175E01, 1.800000E02
1.013081E01, 1.800000E02
1.014282E01, 1.800000E02
1.016802E01, 1.800000E02
1.020664E01, 1.800000E02
1.025894E01, 1.800000E02
1.032514E01, 1.800000E02
1.040549E01, 1.800000E02
1.050022E01, 1.800000E02
1.060958E01, 1.800000E02
1.073379E01, 1.800000E02
1.087311E01, 1.800000E02
1.102776E01, 1.800000E02
1.119799E01, 1.800000E02
1.138401E01, 1.800000E02
1.158606E01, 1.800000E02
1.180437E01, 1.800000E02
1.203915E01, 1.800000E02
1.229064E01, 1.800000E02
1.255905E01, 1.800000E02
1.284458E01, 1.800000E02
1.314745E01, 1.800000E02
1.346785E01, 1.800000E02
1.380599E01, 1.800000E02
1.416204E01, 1.800000E02
1.453619E01, 1.800000E02
1.492862E01, 1.800000E02
1.533948E01, 1.800000E02
1.576894E01, 1.800000E02
1.621713E01, 1.800000E02
1.668420E01, 1.800000E02
1.717027E01, 1.800000E02
1.767545E01, 1.800000E02
1.819985E01, 1.800000E02
1.874354E01, 1.800000E02
1.930661E01, 1.800000E02
1.988912E01, 1.800000E02
2.049110E01, 1.800000E02
2.111258E01, 1.800000E02
2.175359E01, 1.800000E02
2.241411E01, 1.800000E02
2.309411E01, 1.800000E02
2.379356E01, 1.800000E02
2.451240E01, 1.800000E02
2.525054E01, 1.800000E02
2.600787E01, 1.800000E02
2.678429E01, 1.800000E02
2.757964E01, 1.800000E02
2.839375E01, 1.800000E02
2.922643E01, 1.800000E02
3.007748E01, 1.800000E02
3.094664E01, 1.800000E02
3.183365E01, 1.800000E02
3.273824E01, 1.800000E02
3.366007E01, 1.800000E02
3.459882E01, 1.800000E02
3.555412E01, 1.800000E02
3.652557E01, 1.800000E02
3.751275E01, 1.800000E02
3.851522E01, 1.800000E02
3.953251E01, 1.800000E02
4.056411E01, 1.800000E02
4.160949E01, 1.800000E02
4.266810E01, 1.800000E02
4.373936E01, 1.800000E02
4.482265E01, 1.800000E02
4.591734E01, 1.800000E02
4.702277E01, 1.800000E02
4.813823E01, 1.800000E02
4.926302E01, 1.800000E02
5.039639E01, 1.800000E02
5.153757E01, 1.800000E02
5.268577E01, 1.800000E02
5.384017E01, 1.800000E02
5.499992E01, 1.800000E02
5.616417E01, 1.800000E02
5.733202E01, 1.800000E02
5.850257E01, 1.800000E02
5.967489E01, 1.800000E02
6.084801E01, 1.800000E02
6.202099E01, 1.800000E02
6.319283E01, 1.800000E02
6.436253E01, 1.800000E02
6.552907E01, 1.800000E02
6.669142E01, 1.800000E02
6.784853E01, 1.800000E02
6.899935E01, 1.800000E02
7.014281E01, 1.800000E02
7.127784E01, 1.800000E02
7.240334E01, 1.800000E02
7.351823E01, 1.800000E02
7.462143E01, 1.800000E02
7.571182E01, 1.800000E02
7.678831E01, 1.800000E02
7.784981E01, 1.800000E02
7.889521E01, 1.800000E02
7.992343E01, 1.800000E02
8.093337E01, 1.800000E02
8.192396E01, 1.800000E02
8.289412E01, 1.800000E02
8.384279E01, 1.800000E02
8.476892E01, 1.800000E02
8.567148E01, 1.800000E02
8.654943E01, 1.800000E02
8.740178E01, 1.800000E02
8.822753E01, 1.800000E02
8.902573E01, 1.800000E02
8.979542E01, 1.800000E02
9.053569E01, 1.800000E02
9.124563E01, 1.800000E02
9.192437E01, 1.800000E02
9.257107E01, 1.800000E02
9.318491E01, 1.800000E02
9.376512E01, 1.800000E02
9.431092E01, 1.800000E02
9.482161E01, 1.800000E02
9.529649E01, 1.800000E02
9.573492E01, 1.800000E02
9.613627E01, 1.800000E02
9.649997E01, 1.800000E02
9.682548E01, 1.800000E02
9.711230E01, 1.800000E02
9.735995E01, 1.800000E02
9.756803E01, 1.800000E02
9.773614E01, 1.800000E02
9.786395E01, 1.800000E02
9.795116E01, 1.800000E02
9.799750E01, 1.800000E02
9.800278E01, 1.800000E02
9.796681E01, 1.800000E02
9.788947E01, 1.800000E02
9.777066E01, 1.800000E02
9.761035E01, 1.800000E02
9.740854E01, 1.800000E02
9.716526E01, 1.800000E02
9.688060E01, 1.800000E02
9.655469E01, 1.800000E02
9.618768E01, 1.800000E02
9.577978E01, 1.800000E02
9.533124E01, 1.800000E02
9.484235E01, 1.800000E02
9.431343E01, 1.800000E02
9.374483E01, 1.800000E02
9.313695E01, 1.800000E02
9.249024E01, 1.800000E02
9.180514E01, 1.800000E02
9.108217E01, 1.800000E02
9.032186E01, 1.800000E02
8.952477E01, 1.800000E02
8.869149E01, 1.800000E02
8.782264E01, 1.800000E02
8.691888E01, 1.800000E02
8.598088E01, 1.800000E02
8.500933E01, 1.800000E02
8.400496E01, 1.800000E02
8.296851E01, 1.800000E02
8.190074E01, 1.800000E02
8.080244E01, 1.800000E02
7.967440E01, 1.800000E02
7.851743E01, 1.800000E02
7.733236E01, 1.800000E02
7.612003E01, 1.800000E02
7.488129E01, 1.800000E02
7.361699E01, 1.800000E02
7.232801E01, 1.800000E02
7.101522E01, 1.800000E02
6.967948E01, 1.800000E02
6.832169E01, 1.800000E02
6.694272E01, 1.800000E02
6.554346E01, 1.800000E02
6.412479E01, 1.800000E02
6.268759E01, 1.800000E02
6.123273E01, 1.800000E02
5.976109E01, 1.800000E02
5.827353E01, 1.800000E02
5.677091E01, 1.800000E02
5.525408E01, 1.800000E02
5.372388E01, 1.800000E02
5.218115E01, 1.800000E02
5.062670E01, 1.800000E02
4.906135E01, 1.800000E02
4.748588E01, 1.800000E02
4.590110E01, 1.800000E02
4.430775E01, 1.800000E02
4.270661E01, 1.800000E02
4.109840E01, 1.800000E02
3.948386E01, 1.800000E02
3.786370E01, 1.800000E02
3.623860E01, 1.800000E02
3.460924E01, 1.800000E02
3.297629E01, 1.800000E02
3.134038E01, 1.800000E02
2.970215E01, 1.800000E02
2.806220E01, 1.800000E02
2.642112E01, 1.800000E02
2.477950E01, 1.800000E02
2.313789E01, 1.800000E02
2.149683E01, 1.800000E02
1.985685E01, 1.800000E02
1.821847E01, 1.800000E02
1.658217E01, 1.800000E02
1.494845E01, 1.800000E02
1.331776E01, 1.800000E02
1.169055E01, 1.800000E02
1.006727E01, 1.800000E02
8.448339E00, 1.800000E02
6.834171E00, 1.800000E02
5.225165E00, 1.800000E02
3.621712E00, 1.800000E02
2.024188E00, 1.800000E02
4.329627E-01, 1.800000E02
1.151605E00, 0.000000E00
2.729165E00, 0.000000E00
4.299376E00, 0.000000E00
5.861902E00, 0.000000E00
7.416415E00, 0.000000E00
8.962594E00, 0.000000E00
1.050012E01, 0.000000E00
1.202868E01, 0.000000E00
1.354797E01, 0.000000E00
1.505768E01, 0.000000E00
1.655751E01, 0.000000E00
1.804716E01, 0.000000E00
1.952632E01, 0.000000E00
2.099471E01, 0.000000E00
2.245201E01, 0.000000E00
2.389794E01, 0.000000E00
2.533219E01, 0.000000E00
2.675446E01, 0.000000E00
2.816446E01, 0.000000E00
2.956186E01, 0.000000E00
3.094637E01, 0.000000E00
3.231768E01, 0.000000E00
3.367547E01, 0.000000E00
3.501943E01, 0.000000E00
3.634923E01, 0.000000E00
3.766455E01, 0.000000E00
3.896507E01, 0.000000E00
4.025045E01, 0.000000E00
4.152035E01, 0.000000E00
4.277444E01, 0.000000E00
4.401238E01, 0.000000E00
4.523380E01, 0.000000E00
4.643837E01, 0.000000E00
4.762573E01, 0.000000E00
4.879552E01, 0.000000E00
4.994738E01, 0.000000E00
5.108094E01, 0.000000E00
5.219584E01, 0.000000E00
5.329171E01, 0.000000E00
5.436818E01, 0.000000E00
5.542488E01, 0.000000E00
5.646144E01, 0.000000E00
5.747748E01, 0.000000E00
5.847264E01, 0.000000E00
5.944653E01, 0.000000E00
6.039881E01, 0.000000E00
6.132908E01, 0.000000E00
6.223700E01, 0.000000E00
6.312221E01, 0.000000E00
6.398433E01, 0.000000E00
6.482303E01, 0.000000E00
6.563796E01, 0.000000E00
6.642877E01, 0.000000E00
6.719513E01, 0.000000E00
6.793673E01, 0.000000E00
6.865323E01, 0.000000E00
6.934434E01, 0.000000E00
7.000976E01, 0.000000E00
7.064919E01, 0.000000E00
7.126237E01, 0.000000E00
7.184903E01, 0.000000E00
7.240891E01, 0.000000E00
7.294179E01, 0.000000E00
7.344744E01, 0.000000E00
7.392565E01, 0.000000E00
7.437622E01, 0.000000E00
7.479899E01, 0.000000E00
7.519380E01, 0.000000E00
7.556049E01, 0.000000E00
7.589895E01, 0.000000E00
7.620907E01, 0.000000E00
7.649076E01, 0.000000E00
7.674396E01, 0.000000E00
7.696861E01, 0.000000E00
7.716469E01, 0.000000E00
7.733220E01, 0.000000E00
7.747114E01, 0.000000E00
7.758155E01, 0.000000E00
7.766349E01, 0.000000E00
7.771704E01, 0.000000E00
7.774228E01, 0.000000E00
7.773935E01, 0.000000E00
7.770839E01, 0.000000E00
7.764957E01, 0.000000E00
7.756306E01, 0.000000E00
7.744908E01, 0.000000E00
7.730787E01, 0.000000E00
7.713966E01, 0.000000E00
7.694475E01, 0.000000E00
7.672341E01, 0.000000E00
7.647598E01, 0.000000E00
7.620278E01, 0.000000E00
7.590418E01, 0.000000E00
7.558054E01, 0.000000E00
7.523228E01, 0.000000E00
7.485981E01, 0.000000E00
7.446356E01, 0.000000E00
7.404398E01, 0.000000E00
7.360155E01, 0.000000E00
7.313676E01, 0.000000E00
7.265011E01, 0.000000E00
7.214212E01, 0.000000E00
7.161334E01, 0.000000E00
7.106430E01, 0.000000E00
7.049558E01, 0.000000E00
6.990775E01, 0.000000E00
6.930141E01, 0.000000E00
6.867715E01, 0.000000E00
6.803560E01, 0.000000E00
6.737736E01, 0.000000E00
6.670308E01, 0.000000E00
6.601339E01, 0.000000E00
6.530894E01, 0.000000E00
6.459039E01, 0.000000E00
6.385839E01, 0.000000E00
6.311362E01, 0.000000E00
6.235674E01, 0.000000E00
6.158843E01, 0.000000E00
6.080935E01, 0.000000E00
6.002019E01, 0.000000E00
5.922163E01, 0.000000E00
5.841433E01, 0.000000E00
5.759899E01, 0.000000E00
5.677627E01, 0.000000E00
5.594685E01, 0.000000E00
5.511139E01, 0.000000E00
5.427056E01, 0.000000E00
5.342502E01, 0.000000E00
5.257543E01, 0.000000E00
5.172243E01, 0.000000E00
5.086667E01, 0.000000E00
5.000877E01, 0.000000E00
4.914937E01, 0.000000E00
4.828908E01, 0.000000E00
4.742851E01, 0.000000E00
4.656826E01, 0.000000E00
4.570890E01, 0.000000E00
4.485102E01, 0.000000E00
4.399518E01, 0.000000E00
4.314193E01, 0.000000E00
4.229181E01, 0.000000E00
4.144534E01, 0.000000E00
4.060303E01, 0.000000E00
3.976540E01, 0.000000E00
3.893291E01, 0.000000E00
3.810604E01, 0.000000E00
3.728524E01, 0.000000E00
3.647095E01, 0.000000E00
3.566361E01, 0.000000E00
3.486362E01, 0.000000E00
3.407136E01, 0.000000E00
3.328724E01, 0.000000E00
3.251160E01, 0.000000E00
3.174479E01, 0.000000E00
3.098716E01, 0.000000E00
3.023901E01, 0.000000E00
2.950064E01, 0.000000E00
2.877234E01, 0.000000E00
2.805439E01, 0.000000E00
2.734703E01, 0.000000E00
2.665051E01, 0.000000E00
2.596504E01, 0.000000E00
2.529085E01, 0.000000E00
2.462812E01, 0.000000E00
2.397703E01, 0.000000E00
2.333775E01, 0.000000E00
2.271043E01, 0.000000E00
2.209521E01, 0.000000E00
2.149221E01, 0.000000E00
2.090154E01, 0.000000E00
2.032330E01, 0.000000E00
1.975758E01, 0.000000E00
1.920445E01, 0.000000E00
1.866397E01, 0.000000E00
1.813618E01, 0.000000E00
1.762114E01, 0.000000E00
1.711886E01, 0.000000E00
1.662937E01, 0.000000E00
1.615266E01, 0.000000E00
1.568874E01, 0.000000E00
1.523760E01, 0.000000E00
1.479921E01, 0.000000E00
1.437354E01, 0.000000E00
1.396056E01, 0.000000E00
1.356022E01, 0.000000E00
1.317248E01, 0.000000E00
1.279726E01, 0.000000E00
1.243451E01, 0.000000E00
1.208415E01, 0.000000E00
1.174610E01, 0.000000E00
1.142029E01, 0.000000E00
1.110663E01, 0.000000E00
1.080501E01, 0.000000E00
1.051536E01, 0.000000E00
1.023756E01, 0.000000E00
9.971509E00, 0.000000E00
9.717107E00, 0.000000E00
9.474243E00, 0.000000E00
9.242804E00, 0.000000E00
9.022677E00, 0.000000E00
8.813745E00, 0.000000E00
8.615892E00, 0.000000E00
8.429000E00, 0.000000E00
8.252949E00, 0.000000E00
8.087621E00, 0.000000E00
7.932895E00, 0.000000E00
7.788651E00, 0.000000E00
7.654769E00, 0.000000E00
7.531130E00, 0.000000E00
7.417616E00, 0.000000E00
7.314107E00, 0.000000E00
7.220487E00, 0.000000E00
7.136641E00, 0.000000E00
7.062454E00, 0.000000E00
6.997813E00, 0.000000E00
6.942607E00, 0.000000E00
6.896726E00, 0.000000E00
6.860064E00, 0.000000E00
6.832515E00, 0.000000E00
6.813975E00, 0.000000E00
6.804345E00, 0.000000E00
6.803524E00, 0.000000E00
6.811419E00, 0.000000E00
6.827933E00, 0.000000E00
6.852978E00, 0.000000E00
6.886464E00, 0.000000E00
6.928304E00, 0.000000E00
6.978417E00, 0.000000E00
7.036721E00, 0.000000E00
7.103138E00, 0.000000E00
7.177593E00, 0.000000E00
7.260013E00, 0.000000E00
7.350328E00, 0.000000E00
7.448471E00, 0.000000E00
7.554376E00, 0.000000E00
7.667981E00, 0.000000E00
7.789225E00, 0.000000E00
7.918052E00, 0.000000E00
8.054404E00, 0.000000E00
8.198230E00, 0.000000E00
8.349478E00, 0.000000E00
8.508099E00, 0.000000E00
8.674047E00, 0.000000E00
8.847275E00, 0.000000E00
9.027741E00, 0.000000E00
9.215402E00, 0.000000E00
9.410220E00, 0.000000E00
9.612155E00, 0.000000E00
9.821170E00, 0.000000E00
1.003723E01, 0.000000E00
1.026030E01, 0.000000E00
1.049034E01, 0.000000E00
1.072732E01, 0.000000E00
1.097122E01, 0.000000E00
1.122199E01, 0.000000E00
1.147961E01, 0.000000E00
1.174404E01, 0.000000E00
1.201526E01, 0.000000E00
1.229324E01, 0.000000E00
1.257794E01, 0.000000E00
1.286933E01, 0.000000E00
1.316738E01, 0.000000E00
1.347206E01, 0.000000E00
1.378333E01, 0.000000E00
1.410117E01, 0.000000E00
1.442555E01, 0.000000E00
1.475641E01, 0.000000E00
1.509373E01, 0.000000E00
1.543748E01, 0.000000E00
1.578761E01, 0.000000E00
1.614407E01, 0.000000E00
1.650684E01, 0.000000E00
1.687586E01, 0.000000E00
1.725110E01, 0.000000E00
1.763249E01, 0.000000E00
1.801999E01, 0.000000E00
1.841355E01, 0.000000E00
1.881312E01, 0.000000E00
1.921863E01, 0.000000E00
1.963003E01, 0.000000E00
2.004726E01, 0.000000E00
2.047024E01, 0.000000E00
2.089891E01, 0.000000E00
2.133320E01, 0.000000E00
2.177303E01, 0.000000E00
2.221834E01, 0.000000E00
2.266902E01, 0.000000E00
2.312501E01, 0.000000E00
2.358621E01, 0.000000E00
2.405254E01, 0.000000E00
2.452389E01, 0.000000E00
2.500017E01, 0.000000E00
2.548128E01, 0.000000E00
2.596712E01, 0.000000E00
2.645756E01, 0.000000E00
2.695251E01, 0.000000E00
2.745184E01, 0.000000E00
2.795543E01, 0.000000E00
2.846316E01, 0.000000E00
2.897490E01, 0.000000E00
2.949052E01, 0.000000E00
3.000987E01, 0.000000E00
3.053283E01, 0.000000E00
3.105925E01, 0.000000E00
3.158897E01, 0.000000E00
3.212185E01, 0.000000E00
3.265773E01, 0.000000E00
3.319645E01, 0.000000E00
3.373785E01, 0.000000E00
3.428175E01, 0.000000E00
3.482800E01, 0.000000E00
3.537642E01, 0.000000E00
3.592682E01, 0.000000E00
3.647902E01, 0.000000E00
3.703285E01, 0.000000E00
3.758811E01, 0.000000E00
3.814460E01, 0.000000E00
3.870214E01, 0.000000E00
3.926052E01, 0.000000E00
3.981955E01, 0.000000E00
4.037901E01, 0.000000E00
4.093870E01, 0.000000E00
4.149841E01, 0.000000E00
4.205793E01, 0.000000E00
4.261703E01, 0.000000E00
4.317551E01, 0.000000E00
4.373314E01, 0.000000E00
4.428969E01, 0.000000E00
4.484495E01, 0.000000E00
4.539868E01, 0.000000E00
4.595065E01, 0.000000E00
4.650064E01, 0.000000E00
4.704841E01, 0.000000E00
4.759372E01, 0.000000E00
4.813635E01, 0.000000E00
4.867606E01, 0.000000E00
4.921261E01, 0.000000E00
4.974575E01, 0.000000E00
5.027526E01, 0.000000E00
5.080089E01, 0.000000E00
5.132241E01, 0.000000E00
5.183957E01, 0.000000E00
5.235214E01, 0.000000E00
5.285987E01, 0.000000E00
5.336253E01, 0.000000E00
5.385989E01, 0.000000E00
5.435169E01, 0.000000E00
5.483771E01, 0.000000E00
5.531771E01, 0.000000E00
5.579146E01, 0.000000E00
5.625872E01, 0.000000E00
5.671927E01, 0.000000E00
5.717288E01, 0.000000E00
5.761931E01, 0.000000E00
5.805835E01, 0.000000E00
5.848977E01, 0.000000E00
5.891336E01, 0.000000E00
5.932890E01, 0.000000E00
5.973617E01, 0.000000E00
6.013497E01, 0.000000E00
6.052508E01, 0.000000E00
6.090631E01, 0.000000E00
6.127846E01, 0.000000E00
6.164132E01, 0.000000E00
6.199471E01, 0.000000E00
6.233845E01, 0.000000E00
6.267234E01, 0.000000E00
6.299622E01, 0.000000E00
6.330990E01, 0.000000E00
6.361322E01, 0.000000E00
6.390601E01, 0.000000E00
6.418812E01, 0.000000E00
6.445939E01, 0.000000E00
6.471967E01, 0.000000E00
6.496883E01, 0.000000E00
6.520673E01, 0.000000E00
6.543323E01, 0.000000E00
6.564821E01, 0.000000E00
6.585155E01, 0.000000E00
6.604315E01, 0.000000E00
6.622288E01, 0.000000E00
6.639067E01, 0.000000E00
6.654640E01, 0.000000E00
6.669000E01, 0.000000E00
6.682138E01, 0.000000E00
6.694047E01, 0.000000E00
6.704720E01, 0.000000E00
6.714152E01, 0.000000E00
6.722337E01, 0.000000E00
6.729271E01, 0.000000E00
6.734949E01, 0.000000E00
6.739369E01, 0.000000E00
6.742527E01, 0.000000E00
6.744423E01, 0.000000E00
6.745055E01, 0.000000E00
6.744423E01, 0.000000E00
6.742527E01, 0.000000E00
6.739368E01, 0.000000E00
6.734949E01, 0.000000E00
6.729270E01, 0.000000E00
6.722336E01, 0.000000E00
6.714151E01, 0.000000E00
6.704719E01, 0.000000E00
6.694046E01, 0.000000E00
6.682136E01, 0.000000E00
6.668998E01, 0.000000E00
6.654638E01, 0.000000E00
6.639065E01, 0.000000E00
6.622286E01, 0.000000E00
6.604312E01, 0.000000E00
6.585153E01, 0.000000E00
6.564818E01, 0.000000E00
6.543320E01, 0.000000E00
6.520669E01, 0.000000E00
6.496879E01, 0.000000E00
6.471963E01, 0.000000E00
6.445934E01, 0.000000E00
6.418806E01, 0.000000E00
6.390595E01, 0.000000E00
6.361315E01, 0.000000E00
6.330983E01, 0.000000E00
6.299614E01, 0.000000E00
6.267226E01, 0.000000E00
6.233836E01, 0.000000E00
6.199461E01, 0.000000E00
6.164121E01, 0.000000E00
6.127833E01, 0.000000E00
6.090617E01, 0.000000E00
6.052493E01, 0.000000E00
6.013480E01, 0.000000E00
5.973599E01, 0.000000E00
5.932870E01, 0.000000E00
5.891314E01, 0.000000E00
5.848953E01, 0.000000E00
5.805809E01, 0.000000E00
5.761902E01, 0.000000E00
5.717256E01, 0.000000E00
5.671893E01, 0.000000E00
5.625834E01, 0.000000E00
5.579104E01, 0.000000E00
5.531726E01, 0.000000E00
5.483721E01, 0.000000E00
5.435115E01, 0.000000E00
5.385929E01, 0.000000E00
5.336189E01, 0.000000E00
5.285916E01, 0.000000E00
5.235137E01, 0.000000E00
5.183873E01, 0.000000E00
5.132149E01, 0.000000E00
5.079989E01, 0.000000E00
5.027417E01, 0.000000E00
4.974456E01, 0.000000E00
4.921130E01, 0.000000E00
4.867464E01, 0.000000E00
4.813481E01, 0.000000E00
4.759204E01, 0.000000E00
4.704658E01, 0.000000E00
4.649865E01, 0.000000E00
4.594849E01, 0.000000E00
4.539632E01, 0.000000E00
4.484239E01, 0.000000E00
4.428691E01, 0.000000E00
4.373012E01, 0.000000E00
4.317224E01, 0.000000E00
4.261348E01, 0.000000E00
4.205407E01, 0.000000E00
4.149423E01, 0.000000E00
4.093417E01, 0.000000E00
4.037410E01, 0.000000E00
3.981422E01, 0.000000E00
3.925476E01, 0.000000E00
3.869590E01, 0.000000E00
3.813785E01, 0.000000E00
3.758080E01, 0.000000E00
3.702494E01, 0.000000E00
3.647048E01, 0.000000E00
3.591758E01, 0.000000E00
3.536643E01, 0.000000E00
3.481722E01, 0.000000E00
3.427011E01, 0.000000E00
3.372527E01, 0.000000E00
3.318288E01, 0.000000E00
3.264309E01, 0.000000E00
3.210607E01, 0.000000E00
3.157196E01, 0.000000E00
3.104091E01, 0.000000E00
3.051308E01, 0.000000E00
2.998860E01, 0.000000E00
2.946762E01, 0.000000E00
2.895025E01, 0.000000E00
2.843664E01, 0.000000E00
2.792691E01, 0.000000E00
2.742118E01, 0.000000E00
2.691955E01, 0.000000E00
2.642215E01, 0.000000E00
2.592908E01, 0.000000E00
2.544044E01, 0.000000E00
2.495634E01, 0.000000E00
2.447685E01, 0.000000E00
2.400208E01, 0.000000E00
2.353211E01, 0.000000E00
2.306701E01, 0.000000E00
2.260687E01, 0.000000E00
2.215176E01, 0.000000E00
2.170174E01, 0.000000E00
2.125688E01, 0.000000E00
2.081723E01, 0.000000E00
2.038286E01, 0.000000E00
1.995381E01, 0.000000E00
1.953013E01, 0.000000E00
1.911186E01, 0.000000E00
1.869905E01, 0.000000E00
1.829172E01, 0.000000E00
1.788992E01, 0.000000E00
1.749366E01, 0.000000E00
1.710297E01, 0.000000E00
1.671787E01, 0.000000E00
1.633838E01, 0.000000E00
1.596451E01, 0.000000E00
1.559628E01, 0.000000E00
1.523368E01, 0.000000E00
1.487672E01, 0.000000E00
1.452541E01, 0.000000E00
1.417973E01, 0.000000E00
1.383969E01, 0.000000E00
1.350526E01, 0.000000E00
1.317645E01, 0.000000E00
1.285324E01, 0.000000E00
1.253560E01, 0.000000E00
1.222352E01, 0.000000E00
1.191698E01, 0.000000E00
1.161595E01, 0.000000E00
1.132040E01, 0.000000E00
1.103030E01, 0.000000E00
1.074562E01, 0.000000E00
1.046633E01, 0.000000E00
1.019238E01, 0.000000E00
9.923750E00, 0.000000E00
9.660385E00, 0.000000E00
9.402246E00, 0.000000E00
9.149290E00, 0.000000E00
8.901472E00, 0.000000E00
8.658742E00, 0.000000E00
8.421053E00, 0.000000E00
8.188353E00, 0.000000E00
7.960592E00, 0.000000E00
7.737715E00, 0.000000E00
7.519668E00, 0.000000E00
7.306397E00, 0.000000E00
7.097844E00, 0.000000E00
6.893951E00, 0.000000E00
6.694660E00, 0.000000E00
6.499912E00, 0.000000E00
6.309647E00, 0.000000E00
6.123803E00, 0.000000E00
5.942319E00, 0.000000E00
5.765132E00, 0.000000E00
5.592181E00, 0.000000E00
5.423402E00, 0.000000E00
5.258730E00, 0.000000E00
5.098103E00, 0.000000E00
4.941456E00, 0.000000E00
4.788725E00, 0.000000E00
4.639844E00, 0.000000E00
4.494749E00, 0.000000E00
4.353376E00, 0.000000E00
4.215659E00, 0.000000E00
4.081534E00, 0.000000E00
3.950935E00, 0.000000E00
3.823799E00, 0.000000E00
3.700059E00, 0.000000E00
3.579653E00, 0.000000E00
##END=
