##TITLE= CO inversion, BS comp., PW Coote et al., Nature Comm 2018
##JCAMP-DX= 5.00 Bruker JCAMP library
##DATA TYPE= Shape Data
##ORIGIN= Bruker BioSpin GmbH
##OWNER= <demo>
##DATE= 2018/12/04
##TIME= 14:16:55
##$SHAPE_PARAMETERS= @600: Tp 200us, gB1 11.25kHz
##MINX= 1.241770E00
##MAXX= 1.000000E02
##MINY= 3.151673E-01
##MAXY= 3.598380E02
##$SHAPE_EXMODE= Inversion
##$SHAPE_TOTROT= 1.800000E02
##$SHAPE_TYPE= Inversion
##$SHAPE_USER_DEF= 
##$SHAPE_REPHFAC= 
##$SHAPE_BWFAC= 1.000000E00
##$SHAPE_BWFAC50= 
##$SHAPE_INTEGFAC= 2.222222E-01
##$SHAPE_MODE= 1
##NPOINTS= 750
##XYPOINTS= (XY..XY)
1.035178E01, 5.835611E-01
1.007617E01, 1.313514E00
1.292490E01, 1.539341E00
1.641049E01, 1.409939E00
1.975241E01, 1.124751E00
2.286435E01, 7.500837E-01
2.579915E01, 3.151673E-01
2.855919E01, 3.598380E02
3.116033E01, 3.593302E02
3.361716E01, 3.587993E02
3.594100E01, 3.582509E02
3.813890E01, 3.576888E02
4.021352E01, 3.571156E02
4.216377E01, 3.565334E02
4.398592E01, 3.559431E02
4.567478E01, 3.553456E02
4.722470E01, 3.547409E02
4.863036E01, 3.541290E02
4.988728E01, 3.535095E02
5.099211E01, 3.528818E02
5.194272E01, 3.522450E02
5.273823E01, 3.515982E02
5.337887E01, 3.509402E02
5.386595E01, 3.502696E02
5.420167E01, 3.495847E02
5.438901E01, 3.488839E02
5.443165E01, 3.481651E02
5.433379E01, 3.474260E02
5.410016E01, 3.466640E02
5.373586E01, 3.458762E02
5.324636E01, 3.450596E02
5.263741E01, 3.442104E02
5.191504E01, 3.433246E02
5.108552E01, 3.423979E02
5.015535E01, 3.414251E02
4.913123E01, 3.404007E02
4.802011E01, 3.393183E02
4.682912E01, 3.381708E02
4.556567E01, 3.369501E02
4.423739E01, 3.356473E02
4.285222E01, 3.342520E02
4.141839E01, 3.327526E02
3.994454E01, 3.311358E02
3.843971E01, 3.293868E02
3.691346E01, 3.274887E02
3.537593E01, 3.254222E02
3.383799E01, 3.231661E02
3.231130E01, 3.206966E02
3.080849E01, 3.179877E02
2.934326E01, 3.150118E02
2.793055E01, 3.117401E02
2.658652E01, 3.081446E02
2.532861E01, 3.042004E02
2.417532E01, 2.998894E02
2.314576E01, 2.952046E02
2.225891E01, 2.901558E02
2.153252E01, 2.847747E02
2.098159E01, 2.791181E02
2.061690E01, 2.732678E02
2.044351E01, 2.673250E02
2.045998E01, 2.614006E02
2.065834E01, 2.556023E02
2.102498E01, 2.500229E02
2.154207E01, 2.447325E02
2.218935E01, 2.397756E02
2.294575E01, 2.351726E02
2.379068E01, 2.309248E02
2.470488E01, 2.270190E02
2.567091E01, 2.234333E02
2.667334E01, 2.201410E02
2.769873E01, 2.171135E02
2.873552E01, 2.143224E02
2.977381E01, 2.117409E02
3.080522E01, 2.093441E02
3.182264E01, 2.071092E02
3.282009E01, 2.050162E02
3.379251E01, 2.030471E02
3.473572E01, 2.011859E02
3.564618E01, 1.994185E02
3.652100E01, 1.977326E02
3.735780E01, 1.961172E02
3.815464E01, 1.945627E02
3.890997E01, 1.930606E02
3.962259E01, 1.916032E02
4.029161E01, 1.901840E02
4.091637E01, 1.887968E02
4.149646E01, 1.874363E02
4.203166E01, 1.860977E02
4.252196E01, 1.847768E02
4.296746E01, 1.834697E02
4.336845E01, 1.821728E02
4.372530E01, 1.808829E02
4.403853E01, 1.795972E02
4.430873E01, 1.783130E02
4.453659E01, 1.770278E02
4.472289E01, 1.757395E02
4.486844E01, 1.744460E02
4.497417E01, 1.731453E02
4.504101E01, 1.718358E02
4.506997E01, 1.705157E02
4.506208E01, 1.691835E02
4.501844E01, 1.678377E02
4.494014E01, 1.664770E02
4.482834E01, 1.651002E02
4.468419E01, 1.637058E02
4.450888E01, 1.622928E02
4.430360E01, 1.608600E02
4.406959E01, 1.594064E02
4.380806E01, 1.579307E02
4.352026E01, 1.564322E02
4.320743E01, 1.549096E02
4.287083E01, 1.533620E02
4.251171E01, 1.517885E02
4.213135E01, 1.501881E02
4.173100E01, 1.485597E02
4.131193E01, 1.469025E02
4.087541E01, 1.452154E02
4.042271E01, 1.434976E02
3.995510E01, 1.417480E02
3.947384E01, 1.399657E02
3.898020E01, 1.381497E02
3.847545E01, 1.362990E02
3.796085E01, 1.344125E02
3.743767E01, 1.324894E02
3.690716E01, 1.305285E02
3.637058E01, 1.285289E02
3.582921E01, 1.264896E02
3.528428E01, 1.244095E02
3.473705E01, 1.222876E02
3.418877E01, 1.201230E02
3.364069E01, 1.179148E02
3.309404E01, 1.156619E02
3.255006E01, 1.133635E02
3.200997E01, 1.110188E02
3.147498E01, 1.086270E02
3.094628E01, 1.061874E02
3.042507E01, 1.036996E02
2.991249E01, 1.011629E02
2.940970E01, 9.857725E01
2.891778E01, 9.594234E01
2.843783E01, 9.325825E01
2.797086E01, 9.052520E01
2.751788E01, 8.774362E01
2.707981E01, 8.491422E01
2.665753E01, 8.203791E01
2.625185E01, 7.911590E01
2.586350E01, 7.614966E01
2.549314E01, 7.314094E01
2.514134E01, 7.009177E01
2.480855E01, 6.700446E01
2.449516E01, 6.388157E01
2.420144E01, 6.072588E01
2.392752E01, 5.754043E01
2.367348E01, 5.432840E01
2.343923E01, 5.109311E01
2.322459E01, 4.783800E01
2.302930E01, 4.456654E01
2.285294E01, 4.128220E01
2.269503E01, 3.798840E01
2.255500E01, 3.468845E01
2.243216E01, 3.138554E01
2.232581E01, 2.808263E01
2.223512E01, 2.478247E01
2.215928E01, 2.148753E01
2.209738E01, 1.820001E01
2.204853E01, 1.492179E01
2.201182E01, 1.165442E01
2.198633E01, 8.399164E00
2.197118E01, 5.156923E00
2.196549E01, 1.928305E00
2.196843E01, 3.587136E02
2.197923E01, 3.555129E02
2.199715E01, 3.523259E02
2.202154E01, 3.491521E02
2.205180E01, 3.459908E02
2.208743E01, 3.428413E02
2.212800E01, 3.397024E02
2.217316E01, 3.365731E02
2.222268E01, 3.334521E02
2.227639E01, 3.303381E02
2.233424E01, 3.272297E02
2.239626E01, 3.241257E02
2.246258E01, 3.210248E02
2.253343E01, 3.179257E02
2.260913E01, 3.148272E02
2.269008E01, 3.117283E02
2.277678E01, 3.086280E02
2.286980E01, 3.055257E02
2.296980E01, 3.024207E02
2.307749E01, 2.993127E02
2.319366E01, 2.962015E02
2.331914E01, 2.930872E02
2.345482E01, 2.899702E02
2.360160E01, 2.868510E02
2.376044E01, 2.837305E02
2.393230E01, 2.806098E02
2.411811E01, 2.774902E02
2.431885E01, 2.743735E02
2.453542E01, 2.712613E02
2.476874E01, 2.681558E02
2.501965E01, 2.650591E02
2.528894E01, 2.619737E02
2.557734E01, 2.589020E02
2.588552E01, 2.558465E02
2.621403E01, 2.528098E02
2.656337E01, 2.497946E02
2.693391E01, 2.468033E02
2.732595E01, 2.438385E02
2.773967E01, 2.409025E02
2.817516E01, 2.379976E02
2.863238E01, 2.351258E02
2.911123E01, 2.322889E02
2.961147E01, 2.294887E02
3.013278E01, 2.267266E02
3.067476E01, 2.240038E02
3.123692E01, 2.213214E02
3.181866E01, 2.186801E02
3.241934E01, 2.160804E02
3.303824E01, 2.135228E02
3.367457E01, 2.110073E02
3.432749E01, 2.085340E02
3.499612E01, 2.061025E02
3.567951E01, 2.037126E02
3.637669E01, 2.013636E02
3.708666E01, 1.990551E02
3.780838E01, 1.967862E02
3.854079E01, 1.945560E02
3.928282E01, 1.923637E02
4.003336E01, 1.902081E02
4.079134E01, 1.880884E02
4.155562E01, 1.860032E02
4.232511E01, 1.839516E02
4.309868E01, 1.819323E02
4.387522E01, 1.799442E02
4.465362E01, 1.779860E02
4.543279E01, 1.760566E02
4.621162E01, 1.741547E02
4.698905E01, 1.722792E02
4.776398E01, 1.704289E02
4.853538E01, 1.686026E02
4.930220E01, 1.667992E02
5.006341E01, 1.650176E02
5.081801E01, 1.632566E02
5.156501E01, 1.615151E02
5.230344E01, 1.597922E02
5.303237E01, 1.580867E02
5.375086E01, 1.563977E02
5.445802E01, 1.547242E02
5.515297E01, 1.530651E02
5.583487E01, 1.514196E02
5.650288E01, 1.497869E02
5.715621E01, 1.481658E02
5.779410E01, 1.465557E02
5.841579E01, 1.449557E02
5.902056E01, 1.433650E02
5.960775E01, 1.417827E02
6.017668E01, 1.402081E02
6.072672E01, 1.386404E02
6.125729E01, 1.370789E02
6.176781E01, 1.355228E02
6.225775E01, 1.339716E02
6.272660E01, 1.324244E02
6.317388E01, 1.308805E02
6.359916E01, 1.293394E02
6.400202E01, 1.278004E02
6.438210E01, 1.262628E02
6.473903E01, 1.247260E02
6.507251E01, 1.231893E02
6.538226E01, 1.216521E02
6.566804E01, 1.201139E02
6.592963E01, 1.185740E02
6.616684E01, 1.170317E02
6.637955E01, 1.154866E02
6.656764E01, 1.139379E02
6.673102E01, 1.123850E02
6.686967E01, 1.108275E02
6.698358E01, 1.092645E02
6.707278E01, 1.076955E02
6.713734E01, 1.061199E02
6.717736E01, 1.045371E02
6.719300E01, 1.029462E02
6.718443E01, 1.013468E02
6.715187E01, 9.973818E01
6.709560E01, 9.811955E01
6.701591E01, 9.649025E01
6.691315E01, 9.484955E01
6.678773E01, 9.319672E01
6.664007E01, 9.153098E01
6.647066E01, 8.985156E01
6.628005E01, 8.815763E01
6.606881E01, 8.644838E01
6.583760E01, 8.472295E01
6.558709E01, 8.298045E01
6.531806E01, 8.121998E01
6.503131E01, 7.944061E01
6.472772E01, 7.764139E01
6.440824E01, 7.582133E01
6.407387E01, 7.397943E01
6.372572E01, 7.211468E01
6.336493E01, 7.022602E01
6.299274E01, 6.831241E01
6.261049E01, 6.637279E01
6.221957E01, 6.440607E01
6.182149E01, 6.241120E01
6.141782E01, 6.038712E01
6.101025E01, 5.833278E01
6.060055E01, 5.624718E01
6.019060E01, 5.412936E01
5.978238E01, 5.197839E01
5.937794E01, 4.979346E01
5.897948E01, 4.757382E01
5.858924E01, 4.531884E01
5.820960E01, 4.302801E01
5.784301E01, 4.070101E01
5.749200E01, 3.833768E01
5.715918E01, 3.593807E01
5.684721E01, 3.350247E01
5.655883E01, 3.103142E01
5.629678E01, 2.852577E01
5.606384E01, 2.598666E01
5.586279E01, 2.341555E01
5.569637E01, 2.081426E01
5.556728E01, 1.818496E01
5.547814E01, 1.553018E01
5.543147E01, 1.285280E01
5.542965E01, 1.015602E01
5.547491E01, 7.443406E00
5.556927E01, 4.718771E00
5.571457E01, 1.986201E00
5.591237E01, 3.592500E02
5.616399E01, 3.565146E02
5.647046E01, 3.537844E02
5.683250E01, 3.510642E02
5.725056E01, 3.483584E02
5.772474E01, 3.456714E02
5.825483E01, 3.430075E02
5.884032E01, 3.403709E02
5.948039E01, 3.377653E02
6.017392E01, 3.351942E02
6.091952E01, 3.326609E02
6.171551E01, 3.301682E02
6.255999E01, 3.277187E02
6.345081E01, 3.253145E02
6.438563E01, 3.229572E02
6.536189E01, 3.206485E02
6.637688E01, 3.183894E02
6.742773E01, 3.161806E02
6.851140E01, 3.140226E02
6.962476E01, 3.119158E02
7.076453E01, 3.098599E02
7.192733E01, 3.078549E02
7.310969E01, 3.059003E02
7.430803E01, 3.039954E02
7.551868E01, 3.021396E02
7.673790E01, 3.003320E02
7.796185E01, 2.985716E02
7.918664E01, 2.968574E02
8.040827E01, 2.951883E02
8.162274E01, 2.935630E02
8.282595E01, 2.919803E02
8.401380E01, 2.904389E02
8.518217E01, 2.889376E02
8.632697E01, 2.874748E02
8.744416E01, 2.860492E02
8.852978E01, 2.846595E02
8.958002E01, 2.833040E02
9.059122E01, 2.819815E02
9.155999E01, 2.806904E02
9.248321E01, 2.794292E02
9.335810E01, 2.781964E02
9.418226E01, 2.769906E02
9.495370E01, 2.758103E02
9.567093E01, 2.746541E02
9.633285E01, 2.735207E02
9.693882E01, 2.724087E02
9.748862E01, 2.713169E02
9.798231E01, 2.702442E02
9.842009E01, 2.691896E02
9.880211E01, 2.681520E02
9.912843E01, 2.671307E02
9.939922E01, 2.661249E02
9.961511E01, 2.651336E02
9.977762E01, 2.641563E02
9.988941E01, 2.631922E02
9.995535E01, 2.622408E02
9.998564E01, 2.613016E02
9.999554E01, 2.603744E02
9.999787E01, 2.594594E02
9.999852E01, 2.585569E02
9.999901E01, 2.576673E02
9.999951E01, 2.567907E02
1.000000E02, 2.559275E02
9.999974E01, 2.550777E02
9.999442E01, 2.542416E02
9.997181E01, 2.534194E02
9.991420E01, 2.526108E02
9.980766E01, 2.518152E02
9.964456E01, 2.510321E02
9.942044E01, 2.502605E02
9.913254E01, 2.494998E02
9.877928E01, 2.487490E02
9.835984E01, 2.480074E02
9.787375E01, 2.472742E02
9.732053E01, 2.465485E02
9.669966E01, 2.458296E02
9.601063E01, 2.451166E02
9.525310E01, 2.444085E02
9.442698E01, 2.437046E02
9.353252E01, 2.430038E02
9.257033E01, 2.423053E02
9.154139E01, 2.416082E02
9.044703E01, 2.409116E02
8.928885E01, 2.402147E02
8.806869E01, 2.395165E02
8.678857E01, 2.388162E02
8.545064E01, 2.381128E02
8.405715E01, 2.374054E02
8.261035E01, 2.366931E02
8.111254E01, 2.359748E02
7.956598E01, 2.352496E02
7.797287E01, 2.345161E02
7.633539E01, 2.337732E02
7.465563E01, 2.330194E02
7.293563E01, 2.322533E02
7.117737E01, 2.314731E02
6.938275E01, 2.306770E02
6.755364E01, 2.298630E02
6.569188E01, 2.290285E02
6.379926E01, 2.281710E02
6.187758E01, 2.272875E02
5.992865E01, 2.263745E02
5.795429E01, 2.254282E02
5.595636E01, 2.244439E02
5.393681E01, 2.234165E02
5.189767E01, 2.223400E02
4.984110E01, 2.212074E02
4.776943E01, 2.200104E02
4.568517E01, 2.187393E02
4.359112E01, 2.173827E02
4.149040E01, 2.159266E02
3.938657E01, 2.143547E02
3.728369E01, 2.126467E02
3.518656E01, 2.107782E02
3.310084E01, 2.087194E02
3.103338E01, 2.064330E02
2.899254E01, 2.038735E02
2.698875E01, 2.009839E02
2.503515E01, 1.976940E02
2.314848E01, 1.939176E02
2.135028E01, 1.895511E02
1.966827E01, 1.844756E02
1.813775E01, 1.785652E02
1.680257E01, 1.717090E02
1.571424E01, 1.638527E02
1.492764E01, 1.550592E02
1.449178E01, 1.455629E02
1.443732E01, 1.357720E02
1.476635E01, 1.261799E02
1.545151E01, 1.172227E02
1.644480E01, 1.091739E02
1.769034E01, 1.021284E02
1.913455E01, 9.605111E01
2.073131E01, 9.083897E01
2.244326E01, 8.636691E01
2.424110E01, 8.251349E01
2.610215E01, 7.917184E01
2.800885E01, 7.625236E01
2.994756E01, 7.368178E01
3.190754E01, 7.140086E01
3.388030E01, 6.936188E01
3.585897E01, 6.752638E01
3.783797E01, 6.586326E01
3.981268E01, 6.434722E01
4.177924E01, 6.295762E01
4.373436E01, 6.167746E01
4.567525E01, 6.049268E01
4.759945E01, 5.939159E01
4.950484E01, 5.836439E01
5.138952E01, 5.740284E01
5.325179E01, 5.649996E01
5.509011E01, 5.564982E01
5.690309E01, 5.484735E01
5.868944E01, 5.408820E01
6.044797E01, 5.336862E01
6.217757E01, 5.268539E01
6.387719E01, 5.203568E01
6.554584E01, 5.141708E01
6.718258E01, 5.082744E01
6.878651E01, 5.026492E01
7.035677E01, 4.972789E01
7.189252E01, 4.921494E01
7.339297E01, 4.872482E01
7.485734E01, 4.825643E01
7.628487E01, 4.780883E01
7.767483E01, 4.738117E01
7.902651E01, 4.697272E01
8.033921E01, 4.658284E01
8.161227E01, 4.621096E01
8.284503E01, 4.585660E01
8.403686E01, 4.551934E01
8.518715E01, 4.519881E01
8.629531E01, 4.489469E01
8.736077E01, 4.460672E01
8.838299E01, 4.433468E01
8.936147E01, 4.407837E01
9.029572E01, 4.383764E01
9.118530E01, 4.361239E01
9.202980E01, 4.340250E01
9.282884E01, 4.320792E01
9.358210E01, 4.302860E01
9.428930E01, 4.286453E01
9.495019E01, 4.271570E01
9.556460E01, 4.258214E01
9.613238E01, 4.246389E01
9.665345E01, 4.236100E01
9.712776E01, 4.227355E01
9.755533E01, 4.220163E01
9.793621E01, 4.214532E01
9.827048E01, 4.210476E01
9.855827E01, 4.208007E01
9.879973E01, 4.207139E01
9.899503E01, 4.207887E01
9.914435E01, 4.210268E01
9.924788E01, 4.214298E01
9.930581E01, 4.219995E01
9.931833E01, 4.227381E01
9.928562E01, 4.236474E01
9.920784E01, 4.247297E01
9.908516E01, 4.259873E01
9.891773E01, 4.274225E01
9.870569E01, 4.290379E01
9.844917E01, 4.308362E01
9.814834E01, 4.328202E01
9.780334E01, 4.349930E01
9.741435E01, 4.373579E01
9.698158E01, 4.399183E01
9.650526E01, 4.426779E01
9.598566E01, 4.456406E01
9.542310E01, 4.488106E01
9.481796E01, 4.521926E01
9.417067E01, 4.557914E01
9.348171E01, 4.596121E01
9.275165E01, 4.636604E01
9.198110E01, 4.679422E01
9.117076E01, 4.724641E01
9.032137E01, 4.772329E01
8.943378E01, 4.822560E01
8.850888E01, 4.875414E01
8.754765E01, 4.930976E01
8.655114E01, 4.989338E01
8.552047E01, 5.050598E01
8.445684E01, 5.114860E01
8.336153E01, 5.182239E01
8.223590E01, 5.252855E01
8.108140E01, 5.326838E01
7.989957E01, 5.404325E01
7.869202E01, 5.485467E01
7.746049E01, 5.570422E01
7.620678E01, 5.659359E01
7.493283E01, 5.752460E01
7.364068E01, 5.849916E01
7.233250E01, 5.951935E01
7.101055E01, 6.058733E01
6.967727E01, 6.170540E01
6.833520E01, 6.287600E01
6.698704E01, 6.410170E01
6.563566E01, 6.538517E01
6.428406E01, 6.672920E01
6.293543E01, 6.813668E01
6.159313E01, 6.961059E01
6.026068E01, 7.115394E01
5.894181E01, 7.276979E01
5.764040E01, 7.446114E01
5.636051E01, 7.623094E01
5.510641E01, 7.808197E01
5.388247E01, 8.001679E01
5.269326E01, 8.203761E01
5.154344E01, 8.414623E01
5.043774E01, 8.634387E01
4.938099E01, 8.863106E01
4.837797E01, 9.100745E01
4.743341E01, 9.347175E01
4.655191E01, 9.602150E01
4.573784E01, 9.865301E01
4.499528E01, 1.013612E02
4.432789E01, 1.041398E02
4.373885E01, 1.069807E02
4.323075E01, 1.098749E02
4.280548E01, 1.128120E02
4.246422E01, 1.157806E02
4.220733E01, 1.187686E02
4.203435E01, 1.217633E02
4.194400E01, 1.247521E02
4.193417E01, 1.277226E02
4.200202E01, 1.306628E02
4.214400E01, 1.335617E02
4.235597E01, 1.364094E02
4.263329E01, 1.391971E02
4.297094E01, 1.419178E02
4.336361E01, 1.445653E02
4.380582E01, 1.471353E02
4.429200E01, 1.496245E02
4.481659E01, 1.520311E02
4.537412E01, 1.543540E02
4.595925E01, 1.565935E02
4.656684E01, 1.587504E02
4.719198E01, 1.608261E02
4.783001E01, 1.628228E02
4.847656E01, 1.647429E02
4.912752E01, 1.665891E02
4.977911E01, 1.683644E02
5.042782E01, 1.700720E02
5.107042E01, 1.717148E02
5.170398E01, 1.732961E02
5.232582E01, 1.748191E02
5.293354E01, 1.762869E02
5.352498E01, 1.777023E02
5.409821E01, 1.790685E02
5.465154E01, 1.803880E02
5.518347E01, 1.816638E02
5.569272E01, 1.828982E02
5.617817E01, 1.840938E02
5.663891E01, 1.852528E02
5.707417E01, 1.863776E02
5.748334E01, 1.874701E02
5.786594E01, 1.885324E02
5.822163E01, 1.895664E02
5.855020E01, 1.905738E02
5.885155E01, 1.915562E02
5.912567E01, 1.925155E02
5.937266E01, 1.934529E02
5.959271E01, 1.943700E02
5.978607E01, 1.952681E02
5.995308E01, 1.961486E02
6.009414E01, 1.970126E02
6.020972E01, 1.978614E02
6.030031E01, 1.986960E02
6.036648E01, 1.995176E02
6.040883E01, 2.003271E02
6.042798E01, 2.011256E02
6.042459E01, 2.019139E02
6.039934E01, 2.026931E02
6.035292E01, 2.034639E02
6.028605E01, 2.042272E02
6.019944E01, 2.049837E02
6.009381E01, 2.057344E02
5.996987E01, 2.064800E02
5.982834E01, 2.072211E02
5.966991E01, 2.079585E02
5.949527E01, 2.086929E02
5.930508E01, 2.094250E02
5.910000E01, 2.101555E02
5.888062E01, 2.108849E02
5.864755E01, 2.116140E02
5.840134E01, 2.123433E02
5.814250E01, 2.130735E02
5.787153E01, 2.138052E02
5.758886E01, 2.145389E02
5.729488E01, 2.152754E02
5.698996E01, 2.160150E02
5.667440E01, 2.167586E02
5.634845E01, 2.175065E02
5.601231E01, 2.182595E02
5.566613E01, 2.190181E02
5.531002E01, 2.197830E02
5.494402E01, 2.205546E02
5.456812E01, 2.213338E02
5.418224E01, 2.221210E02
5.378628E01, 2.229170E02
5.338004E01, 2.237224E02
5.296330E01, 2.245379E02
5.253578E01, 2.253643E02
5.209715E01, 2.262024E02
5.164701E01, 2.270528E02
5.118493E01, 2.279166E02
5.071045E01, 2.287946E02
5.022304E01, 2.296878E02
4.972215E01, 2.305972E02
4.920719E01, 2.315239E02
4.867756E01, 2.324691E02
4.813261E01, 2.334342E02
4.757170E01, 2.344205E02
4.699417E01, 2.354296E02
4.639938E01, 2.364631E02
4.578669E01, 2.375228E02
4.515547E01, 2.386108E02
4.450514E01, 2.397292E02
4.383518E01, 2.408805E02
4.314510E01, 2.420671E02
4.243452E01, 2.432922E02
4.170315E01, 2.445587E02
4.095081E01, 2.458704E02
4.017746E01, 2.472310E02
3.938324E01, 2.486450E02
3.856848E01, 2.501171E02
3.773372E01, 2.516526E02
3.687976E01, 2.532575E02
3.600771E01, 2.549381E02
3.511900E01, 2.567018E02
3.421542E01, 2.585564E02
3.329921E01, 2.605106E02
3.237306E01, 2.625740E02
3.144022E01, 2.647570E02
3.050447E01, 2.670708E02
2.957025E01, 2.695272E02
2.864267E01, 2.721387E02
2.772756E01, 2.749181E02
2.683148E01, 2.778780E02
2.596174E01, 2.810304E02
2.512630E01, 2.843856E02
2.433377E01, 2.879512E02
2.359314E01, 2.917311E02
2.291356E01, 2.957236E02
2.230399E01, 2.999199E02
2.177273E01, 3.043030E02
2.132688E01, 3.088469E02
2.097172E01, 3.135160E02
2.071019E01, 3.182670E02
2.054240E01, 3.230505E02
2.046536E01, 3.278140E02
2.047285E01, 3.325060E02
2.055567E01, 3.370792E02
2.070195E01, 3.414933E02
2.089769E01, 3.457165E02
2.112734E01, 3.497265E02
2.137433E01, 3.535100E02
2.162164E01, 3.570612E02
2.185221E01, 3.809000E-01
2.204934E01, 3.474757E00
2.219690E01, 6.351766E00
2.227962E01, 9.023160E00
2.228324E01, 1.150141E01
2.219468E01, 1.379952E01
2.200211E01, 1.593050E01
2.169512E01, 1.790704E01
2.126470E01, 1.974131E01
2.070336E01, 2.144486E01
2.000503E01, 2.302854E01
1.916502E01, 2.450247E01
1.817990E01, 2.587600E01
1.704735E01, 2.715756E01
1.576610E01, 2.835443E01
1.433596E01, 2.947233E01
1.275797E01, 3.051471E01
1.103487E01, 3.148186E01
9.173108E00, 3.237022E01
7.176488E00, 3.316688E01
5.063977E00, 3.384637E01
2.951618E00, 3.436818E01
1.241770E00, 3.471943E01
##END=
