##TITLE= 
##JCAMP-DX= 5.00 Bruker JCAMP library
##DATA TYPE= Shape Data
##ORIGIN= Bruker BioSpin GmbH
##OWNER= <demo>
##DATE= 2008/02/15
##TIME= 13:38:48
##$SHAPE_PARAMETERS= Type: IBurp2
##MINX= 3.612719E-02
##MAXX= 1.000000E02
##MINY= 0.000000E00
##MAXY= 1.800000E02
##$SHAPE_EXMODE= Inversion
##$SHAPE_TOTROT= 1.800000E02
##$SHAPE_TYPE= Inversion
##$SHAPE_USER_DEF= 
##$SHAPE_REPHFAC= 
##$SHAPE_BWFAC= 4.530000E00
##$SHAPE_BWFAC50= 
##$SHAPE_INTEGFAC= 1.006381E-01
##$SHAPE_MODE= 0
##NPOINTS= 1000
##XYPOINTS= (XY..XY)
1.006269E00, 0.000000E00
1.008787E00, 0.000000E00
1.020354E00, 0.000000E00
1.040703E00, 0.000000E00
1.069559E00, 0.000000E00
1.106638E00, 0.000000E00
1.151646E00, 0.000000E00
1.204283E00, 0.000000E00
1.264238E00, 0.000000E00
1.331197E00, 0.000000E00
1.404838E00, 0.000000E00
1.484832E00, 0.000000E00
1.570848E00, 0.000000E00
1.662549E00, 0.000000E00
1.759594E00, 0.000000E00
1.861640E00, 0.000000E00
1.968344E00, 0.000000E00
2.079358E00, 0.000000E00
2.194337E00, 0.000000E00
2.312934E00, 0.000000E00
2.434804E00, 0.000000E00
2.559603E00, 0.000000E00
2.686991E00, 0.000000E00
2.816630E00, 0.000000E00
2.948185E00, 0.000000E00
3.081329E00, 0.000000E00
3.215737E00, 0.000000E00
3.351091E00, 0.000000E00
3.487080E00, 0.000000E00
3.623400E00, 0.000000E00
3.759755E00, 0.000000E00
3.895857E00, 0.000000E00
4.031426E00, 0.000000E00
4.166194E00, 0.000000E00
4.299899E00, 0.000000E00
4.432293E00, 0.000000E00
4.563136E00, 0.000000E00
4.692201E00, 0.000000E00
4.819269E00, 0.000000E00
4.944135E00, 0.000000E00
5.066607E00, 0.000000E00
5.186501E00, 0.000000E00
5.303648E00, 0.000000E00
5.417891E00, 0.000000E00
5.529083E00, 0.000000E00
5.637093E00, 0.000000E00
5.741798E00, 0.000000E00
5.843090E00, 0.000000E00
5.940872E00, 0.000000E00
6.035060E00, 0.000000E00
6.125580E00, 0.000000E00
6.212372E00, 0.000000E00
6.295384E00, 0.000000E00
6.374579E00, 0.000000E00
6.449927E00, 0.000000E00
6.521411E00, 0.000000E00
6.589024E00, 0.000000E00
6.652767E00, 0.000000E00
6.712652E00, 0.000000E00
6.768699E00, 0.000000E00
6.820937E00, 0.000000E00
6.869401E00, 0.000000E00
6.914137E00, 0.000000E00
6.955195E00, 0.000000E00
6.992633E00, 0.000000E00
7.026515E00, 0.000000E00
7.056908E00, 0.000000E00
7.083887E00, 0.000000E00
7.107530E00, 0.000000E00
7.127920E00, 0.000000E00
7.145140E00, 0.000000E00
7.159280E00, 0.000000E00
7.170429E00, 0.000000E00
7.178680E00, 0.000000E00
7.184125E00, 0.000000E00
7.186860E00, 0.000000E00
7.186976E00, 0.000000E00
7.184570E00, 0.000000E00
7.179733E00, 0.000000E00
7.172558E00, 0.000000E00
7.163136E00, 0.000000E00
7.151554E00, 0.000000E00
7.137900E00, 0.000000E00
7.122257E00, 0.000000E00
7.104705E00, 0.000000E00
7.085322E00, 0.000000E00
7.064182E00, 0.000000E00
7.041354E00, 0.000000E00
7.016904E00, 0.000000E00
6.990894E00, 0.000000E00
6.963380E00, 0.000000E00
6.934416E00, 0.000000E00
6.904049E00, 0.000000E00
6.872322E00, 0.000000E00
6.839273E00, 0.000000E00
6.804935E00, 0.000000E00
6.769337E00, 0.000000E00
6.732502E00, 0.000000E00
6.694448E00, 0.000000E00
6.655189E00, 0.000000E00
6.614734E00, 0.000000E00
6.573087E00, 0.000000E00
6.530248E00, 0.000000E00
6.486212E00, 0.000000E00
6.440970E00, 0.000000E00
6.394510E00, 0.000000E00
6.346814E00, 0.000000E00
6.297862E00, 0.000000E00
6.247631E00, 0.000000E00
6.196094E00, 0.000000E00
6.143220E00, 0.000000E00
6.088978E00, 0.000000E00
6.033333E00, 0.000000E00
5.976248E00, 0.000000E00
5.917684E00, 0.000000E00
5.857602E00, 0.000000E00
5.795959E00, 0.000000E00
5.732714E00, 0.000000E00
5.667823E00, 0.000000E00
5.601244E00, 0.000000E00
5.532933E00, 0.000000E00
5.462847E00, 0.000000E00
5.390944E00, 0.000000E00
5.317181E00, 0.000000E00
5.241518E00, 0.000000E00
5.163915E00, 0.000000E00
5.084334E00, 0.000000E00
5.002740E00, 0.000000E00
4.919098E00, 0.000000E00
4.833376E00, 0.000000E00
4.745545E00, 0.000000E00
4.655577E00, 0.000000E00
4.563449E00, 0.000000E00
4.469139E00, 0.000000E00
4.372629E00, 0.000000E00
4.273904E00, 0.000000E00
4.172953E00, 0.000000E00
4.069767E00, 0.000000E00
3.964341E00, 0.000000E00
3.856675E00, 0.000000E00
3.746770E00, 0.000000E00
3.634634E00, 0.000000E00
3.520274E00, 0.000000E00
3.403706E00, 0.000000E00
3.284945E00, 0.000000E00
3.164012E00, 0.000000E00
3.040932E00, 0.000000E00
2.915732E00, 0.000000E00
2.788443E00, 0.000000E00
2.659100E00, 0.000000E00
2.527741E00, 0.000000E00
2.394407E00, 0.000000E00
2.259141E00, 0.000000E00
2.121990E00, 0.000000E00
1.983006E00, 0.000000E00
1.842239E00, 0.000000E00
1.699745E00, 0.000000E00
1.555581E00, 0.000000E00
1.409808E00, 0.000000E00
1.262486E00, 0.000000E00
1.113680E00, 0.000000E00
9.634538E-01, 0.000000E00
8.118756E-01, 0.000000E00
6.590132E-01, 0.000000E00
5.049362E-01, 0.000000E00
3.497151E-01, 0.000000E00
1.934214E-01, 0.000000E00
3.612719E-02, 0.000000E00
1.220947E-01, 1.800000E02
2.811712E-01, 1.800000E02
4.410290E-01, 1.800000E02
6.015946E-01, 1.800000E02
7.627947E-01, 1.800000E02
9.245560E-01, 1.800000E02
1.086806E00, 1.800000E02
1.249472E00, 1.800000E02
1.412482E00, 1.800000E02
1.575766E00, 1.800000E02
1.739252E00, 1.800000E02
1.902873E00, 1.800000E02
2.066558E00, 1.800000E02
2.230242E00, 1.800000E02
2.393857E00, 1.800000E02
2.557340E00, 1.800000E02
2.720626E00, 1.800000E02
2.883653E00, 1.800000E02
3.046360E00, 1.800000E02
3.208688E00, 1.800000E02
3.370578E00, 1.800000E02
3.531974E00, 1.800000E02
3.692821E00, 1.800000E02
3.853064E00, 1.800000E02
4.012652E00, 1.800000E02
4.171533E00, 1.800000E02
4.329659E00, 1.800000E02
4.486979E00, 1.800000E02
4.643449E00, 1.800000E02
4.799023E00, 1.800000E02
4.953656E00, 1.800000E02
5.107305E00, 1.800000E02
5.259929E00, 1.800000E02
5.411487E00, 1.800000E02
5.561939E00, 1.800000E02
5.711247E00, 1.800000E02
5.859373E00, 1.800000E02
6.006282E00, 1.800000E02
6.151936E00, 1.800000E02
6.296301E00, 1.800000E02
6.439342E00, 1.800000E02
6.581027E00, 1.800000E02
6.721321E00, 1.800000E02
6.860193E00, 1.800000E02
6.997609E00, 1.800000E02
7.133540E00, 1.800000E02
7.267953E00, 1.800000E02
7.400818E00, 1.800000E02
7.532103E00, 1.800000E02
7.661779E00, 1.800000E02
7.789816E00, 1.800000E02
7.916182E00, 1.800000E02
8.040848E00, 1.800000E02
8.163784E00, 1.800000E02
8.284960E00, 1.800000E02
8.404347E00, 1.800000E02
8.521913E00, 1.800000E02
8.637629E00, 1.800000E02
8.751466E00, 1.800000E02
8.863392E00, 1.800000E02
8.973378E00, 1.800000E02
9.081392E00, 1.800000E02
9.187406E00, 1.800000E02
9.291388E00, 1.800000E02
9.393308E00, 1.800000E02
9.493134E00, 1.800000E02
9.590837E00, 1.800000E02
9.686385E00, 1.800000E02
9.779748E00, 1.800000E02
9.870894E00, 1.800000E02
9.959793E00, 1.800000E02
1.004641E01, 1.800000E02
1.013073E01, 1.800000E02
1.021270E01, 1.800000E02
1.029230E01, 1.800000E02
1.036950E01, 1.800000E02
1.044427E01, 1.800000E02
1.051658E01, 1.800000E02
1.058639E01, 1.800000E02
1.065368E01, 1.800000E02
1.071842E01, 1.800000E02
1.078058E01, 1.800000E02
1.084013E01, 1.800000E02
1.089704E01, 1.800000E02
1.095128E01, 1.800000E02
1.100282E01, 1.800000E02
1.105164E01, 1.800000E02
1.109771E01, 1.800000E02
1.114099E01, 1.800000E02
1.118148E01, 1.800000E02
1.121913E01, 1.800000E02
1.125392E01, 1.800000E02
1.128583E01, 1.800000E02
1.131483E01, 1.800000E02
1.134090E01, 1.800000E02
1.136401E01, 1.800000E02
1.138414E01, 1.800000E02
1.140127E01, 1.800000E02
1.141537E01, 1.800000E02
1.142643E01, 1.800000E02
1.143441E01, 1.800000E02
1.143931E01, 1.800000E02
1.144109E01, 1.800000E02
1.143974E01, 1.800000E02
1.143524E01, 1.800000E02
1.142757E01, 1.800000E02
1.141672E01, 1.800000E02
1.140265E01, 1.800000E02
1.138537E01, 1.800000E02
1.136484E01, 1.800000E02
1.134105E01, 1.800000E02
1.131399E01, 1.800000E02
1.128365E01, 1.800000E02
1.124999E01, 1.800000E02
1.121302E01, 1.800000E02
1.117272E01, 1.800000E02
1.112907E01, 1.800000E02
1.108206E01, 1.800000E02
1.103169E01, 1.800000E02
1.097793E01, 1.800000E02
1.092077E01, 1.800000E02
1.086022E01, 1.800000E02
1.079625E01, 1.800000E02
1.072886E01, 1.800000E02
1.065804E01, 1.800000E02
1.058378E01, 1.800000E02
1.050609E01, 1.800000E02
1.042494E01, 1.800000E02
1.034034E01, 1.800000E02
1.025228E01, 1.800000E02
1.016077E01, 1.800000E02
1.006579E01, 1.800000E02
9.967357E00, 1.800000E02
9.865461E00, 1.800000E02
9.760108E00, 1.800000E02
9.651300E00, 1.800000E02
9.539043E00, 1.800000E02
9.423342E00, 1.800000E02
9.304205E00, 1.800000E02
9.181642E00, 1.800000E02
9.055663E00, 1.800000E02
8.926280E00, 1.800000E02
8.793508E00, 1.800000E02
8.657362E00, 1.800000E02
8.517860E00, 1.800000E02
8.375021E00, 1.800000E02
8.228867E00, 1.800000E02
8.079421E00, 1.800000E02
7.926708E00, 1.800000E02
7.770755E00, 1.800000E02
7.611592E00, 1.800000E02
7.449251E00, 1.800000E02
7.283764E00, 1.800000E02
7.115169E00, 1.800000E02
6.943501E00, 1.800000E02
6.768802E00, 1.800000E02
6.591113E00, 1.800000E02
6.410480E00, 1.800000E02
6.226947E00, 1.800000E02
6.040565E00, 1.800000E02
5.851383E00, 1.800000E02
5.659454E00, 1.800000E02
5.464834E00, 1.800000E02
5.267578E00, 1.800000E02
5.067747E00, 1.800000E02
4.865400E00, 1.800000E02
4.660599E00, 1.800000E02
4.453411E00, 1.800000E02
4.243899E00, 1.800000E02
4.032133E00, 1.800000E02
3.818180E00, 1.800000E02
3.602112E00, 1.800000E02
3.384000E00, 1.800000E02
3.163918E00, 1.800000E02
2.941939E00, 1.800000E02
2.718140E00, 1.800000E02
2.492595E00, 1.800000E02
2.265382E00, 1.800000E02
2.036578E00, 1.800000E02
1.806261E00, 1.800000E02
1.574509E00, 1.800000E02
1.341401E00, 1.800000E02
1.107016E00, 1.800000E02
8.714318E-01, 1.800000E02
6.347270E-01, 1.800000E02
3.969796E-01, 1.800000E02
1.582672E-01, 1.800000E02
8.133299E-02, 0.000000E00
3.217448E-01, 0.000000E00
5.628928E-01, 0.000000E00
8.047024E-01, 0.000000E00
1.047100E00, 0.000000E00
1.290014E00, 0.000000E00
1.533373E00, 0.000000E00
1.777107E00, 0.000000E00
2.021149E00, 0.000000E00
2.265432E00, 0.000000E00
2.509892E00, 0.000000E00
2.754465E00, 0.000000E00
2.999091E00, 0.000000E00
3.243709E00, 0.000000E00
3.488264E00, 0.000000E00
3.732698E00, 0.000000E00
3.976960E00, 0.000000E00
4.220996E00, 0.000000E00
4.464759E00, 0.000000E00
4.708201E00, 0.000000E00
4.951275E00, 0.000000E00
5.193939E00, 0.000000E00
5.436151E00, 0.000000E00
5.677871E00, 0.000000E00
5.919062E00, 0.000000E00
6.159686E00, 0.000000E00
6.399710E00, 0.000000E00
6.639100E00, 0.000000E00
6.877826E00, 0.000000E00
7.115856E00, 0.000000E00
7.353161E00, 0.000000E00
7.589715E00, 0.000000E00
7.825489E00, 0.000000E00
8.060459E00, 0.000000E00
8.294597E00, 0.000000E00
8.527880E00, 0.000000E00
8.760282E00, 0.000000E00
8.991780E00, 0.000000E00
9.222348E00, 0.000000E00
9.451962E00, 0.000000E00
9.680597E00, 0.000000E00
9.908228E00, 0.000000E00
1.013483E01, 0.000000E00
1.036037E01, 0.000000E00
1.058482E01, 0.000000E00
1.080816E01, 0.000000E00
1.103035E01, 0.000000E00
1.125137E01, 0.000000E00
1.147116E01, 0.000000E00
1.168971E01, 0.000000E00
1.190697E01, 0.000000E00
1.212290E01, 0.000000E00
1.233745E01, 0.000000E00
1.255059E01, 0.000000E00
1.276226E01, 0.000000E00
1.297241E01, 0.000000E00
1.318098E01, 0.000000E00
1.338793E01, 0.000000E00
1.359319E01, 0.000000E00
1.379669E01, 0.000000E00
1.399838E01, 0.000000E00
1.419818E01, 0.000000E00
1.439602E01, 0.000000E00
1.459181E01, 0.000000E00
1.478550E01, 0.000000E00
1.497698E01, 0.000000E00
1.516618E01, 0.000000E00
1.535301E01, 0.000000E00
1.553737E01, 0.000000E00
1.571917E01, 0.000000E00
1.589832E01, 0.000000E00
1.607471E01, 0.000000E00
1.624824E01, 0.000000E00
1.641880E01, 0.000000E00
1.658629E01, 0.000000E00
1.675060E01, 0.000000E00
1.691162E01, 0.000000E00
1.706923E01, 0.000000E00
1.722332E01, 0.000000E00
1.737377E01, 0.000000E00
1.752046E01, 0.000000E00
1.766329E01, 0.000000E00
1.780212E01, 0.000000E00
1.793684E01, 0.000000E00
1.806733E01, 0.000000E00
1.819348E01, 0.000000E00
1.831516E01, 0.000000E00
1.843226E01, 0.000000E00
1.854466E01, 0.000000E00
1.865225E01, 0.000000E00
1.875491E01, 0.000000E00
1.885253E01, 0.000000E00
1.894501E01, 0.000000E00
1.903223E01, 0.000000E00
1.911410E01, 0.000000E00
1.919051E01, 0.000000E00
1.926137E01, 0.000000E00
1.932658E01, 0.000000E00
1.938605E01, 0.000000E00
1.943970E01, 0.000000E00
1.948745E01, 0.000000E00
1.952921E01, 0.000000E00
1.956492E01, 0.000000E00
1.959451E01, 0.000000E00
1.961792E01, 0.000000E00
1.963509E01, 0.000000E00
1.964596E01, 0.000000E00
1.965050E01, 0.000000E00
1.964865E01, 0.000000E00
1.964040E01, 0.000000E00
1.962569E01, 0.000000E00
1.960452E01, 0.000000E00
1.957687E01, 0.000000E00
1.954272E01, 0.000000E00
1.950206E01, 0.000000E00
1.945490E01, 0.000000E00
1.940123E01, 0.000000E00
1.934108E01, 0.000000E00
1.927446E01, 0.000000E00
1.920138E01, 0.000000E00
1.912188E01, 0.000000E00
1.903599E01, 0.000000E00
1.894374E01, 0.000000E00
1.884517E01, 0.000000E00
1.874034E01, 0.000000E00
1.862929E01, 0.000000E00
1.851208E01, 0.000000E00
1.838876E01, 0.000000E00
1.825940E01, 0.000000E00
1.812406E01, 0.000000E00
1.798281E01, 0.000000E00
1.783573E01, 0.000000E00
1.768288E01, 0.000000E00
1.752435E01, 0.000000E00
1.736020E01, 0.000000E00
1.719053E01, 0.000000E00
1.701541E01, 0.000000E00
1.683492E01, 0.000000E00
1.664915E01, 0.000000E00
1.645818E01, 0.000000E00
1.626208E01, 0.000000E00
1.606095E01, 0.000000E00
1.585487E01, 0.000000E00
1.564391E01, 0.000000E00
1.542816E01, 0.000000E00
1.520769E01, 0.000000E00
1.498259E01, 0.000000E00
1.475292E01, 0.000000E00
1.451876E01, 0.000000E00
1.428017E01, 0.000000E00
1.403724E01, 0.000000E00
1.379001E01, 0.000000E00
1.353856E01, 0.000000E00
1.328294E01, 0.000000E00
1.302321E01, 0.000000E00
1.275942E01, 0.000000E00
1.249161E01, 0.000000E00
1.221983E01, 0.000000E00
1.194413E01, 0.000000E00
1.166454E01, 0.000000E00
1.138109E01, 0.000000E00
1.109382E01, 0.000000E00
1.080274E01, 0.000000E00
1.050789E01, 0.000000E00
1.020929E01, 0.000000E00
9.906943E00, 0.000000E00
9.600870E00, 0.000000E00
9.291078E00, 0.000000E00
8.977574E00, 0.000000E00
8.660362E00, 0.000000E00
8.339444E00, 0.000000E00
8.014817E00, 0.000000E00
7.686478E00, 0.000000E00
7.354422E00, 0.000000E00
7.018643E00, 0.000000E00
6.679130E00, 0.000000E00
6.335875E00, 0.000000E00
5.988867E00, 0.000000E00
5.638096E00, 0.000000E00
5.283549E00, 0.000000E00
4.925217E00, 0.000000E00
4.563089E00, 0.000000E00
4.197154E00, 0.000000E00
3.827405E00, 0.000000E00
3.453834E00, 0.000000E00
3.076437E00, 0.000000E00
2.695209E00, 0.000000E00
2.310150E00, 0.000000E00
1.921263E00, 0.000000E00
1.528553E00, 0.000000E00
1.132029E00, 0.000000E00
7.317035E-01, 0.000000E00
3.275928E-01, 0.000000E00
8.028183E-02, 1.800000E02
4.918946E-01, 1.800000E02
9.072151E-01, 1.800000E02
1.326207E00, 1.800000E02
1.748831E00, 1.800000E02
2.175038E00, 1.800000E02
2.604777E00, 1.800000E02
3.037990E00, 1.800000E02
3.474612E00, 1.800000E02
3.914572E00, 1.800000E02
4.357794E00, 1.800000E02
4.804193E00, 1.800000E02
5.253681E00, 1.800000E02
5.706161E00, 1.800000E02
6.161529E00, 1.800000E02
6.619677E00, 1.800000E02
7.080488E00, 1.800000E02
7.543840E00, 1.800000E02
8.009604E00, 1.800000E02
8.477644E00, 1.800000E02
8.947820E00, 1.800000E02
9.419985E00, 1.800000E02
9.893983E00, 1.800000E02
1.036966E01, 1.800000E02
1.084684E01, 1.800000E02
1.132537E01, 1.800000E02
1.180506E01, 1.800000E02
1.228574E01, 1.800000E02
1.276723E01, 1.800000E02
1.324932E01, 1.800000E02
1.373184E01, 1.800000E02
1.421458E01, 1.800000E02
1.469735E01, 1.800000E02
1.517994E01, 1.800000E02
1.566215E01, 1.800000E02
1.614376E01, 1.800000E02
1.662458E01, 1.800000E02
1.710439E01, 1.800000E02
1.758297E01, 1.800000E02
1.806011E01, 1.800000E02
1.853560E01, 1.800000E02
1.900923E01, 1.800000E02
1.948077E01, 1.800000E02
1.995002E01, 1.800000E02
2.041676E01, 1.800000E02
2.088077E01, 1.800000E02
2.134186E01, 1.800000E02
2.179980E01, 1.800000E02
2.225439E01, 1.800000E02
2.270543E01, 1.800000E02
2.315271E01, 1.800000E02
2.359604E01, 1.800000E02
2.403520E01, 1.800000E02
2.447002E01, 1.800000E02
2.490031E01, 1.800000E02
2.532586E01, 1.800000E02
2.574651E01, 1.800000E02
2.616206E01, 1.800000E02
2.657235E01, 1.800000E02
2.697721E01, 1.800000E02
2.737646E01, 1.800000E02
2.776995E01, 1.800000E02
2.815751E01, 1.800000E02
2.853900E01, 1.800000E02
2.891425E01, 1.800000E02
2.928313E01, 1.800000E02
2.964549E01, 1.800000E02
3.000119E01, 1.800000E02
3.035011E01, 1.800000E02
3.069211E01, 1.800000E02
3.102707E01, 1.800000E02
3.135486E01, 1.800000E02
3.167537E01, 1.800000E02
3.198848E01, 1.800000E02
3.229409E01, 1.800000E02
3.259207E01, 1.800000E02
3.288234E01, 1.800000E02
3.316478E01, 1.800000E02
3.343930E01, 1.800000E02
3.370580E01, 1.800000E02
3.396419E01, 1.800000E02
3.421437E01, 1.800000E02
3.445625E01, 1.800000E02
3.468975E01, 1.800000E02
3.491477E01, 1.800000E02
3.513123E01, 1.800000E02
3.533905E01, 1.800000E02
3.553813E01, 1.800000E02
3.572840E01, 1.800000E02
3.590977E01, 1.800000E02
3.608216E01, 1.800000E02
3.624548E01, 1.800000E02
3.639966E01, 1.800000E02
3.654460E01, 1.800000E02
3.668023E01, 1.800000E02
3.680647E01, 1.800000E02
3.692322E01, 1.800000E02
3.703040E01, 1.800000E02
3.712794E01, 1.800000E02
3.721573E01, 1.800000E02
3.729370E01, 1.800000E02
3.736176E01, 1.800000E02
3.741982E01, 1.800000E02
3.746779E01, 1.800000E02
3.750558E01, 1.800000E02
3.753311E01, 1.800000E02
3.755028E01, 1.800000E02
3.755700E01, 1.800000E02
3.755318E01, 1.800000E02
3.753874E01, 1.800000E02
3.751358E01, 1.800000E02
3.747760E01, 1.800000E02
3.743073E01, 1.800000E02
3.737287E01, 1.800000E02
3.730393E01, 1.800000E02
3.722383E01, 1.800000E02
3.713247E01, 1.800000E02
3.702978E01, 1.800000E02
3.691567E01, 1.800000E02
3.679005E01, 1.800000E02
3.665286E01, 1.800000E02
3.650401E01, 1.800000E02
3.634343E01, 1.800000E02
3.617105E01, 1.800000E02
3.598679E01, 1.800000E02
3.579061E01, 1.800000E02
3.558242E01, 1.800000E02
3.536219E01, 1.800000E02
3.512985E01, 1.800000E02
3.488536E01, 1.800000E02
3.462868E01, 1.800000E02
3.435975E01, 1.800000E02
3.407856E01, 1.800000E02
3.378507E01, 1.800000E02
3.347926E01, 1.800000E02
3.316111E01, 1.800000E02
3.283061E01, 1.800000E02
3.248775E01, 1.800000E02
3.213253E01, 1.800000E02
3.176495E01, 1.800000E02
3.138503E01, 1.800000E02
3.099277E01, 1.800000E02
3.058821E01, 1.800000E02
3.017137E01, 1.800000E02
2.974229E01, 1.800000E02
2.930099E01, 1.800000E02
2.884753E01, 1.800000E02
2.838196E01, 1.800000E02
2.790433E01, 1.800000E02
2.741470E01, 1.800000E02
2.691313E01, 1.800000E02
2.639970E01, 1.800000E02
2.587448E01, 1.800000E02
2.533754E01, 1.800000E02
2.478897E01, 1.800000E02
2.422885E01, 1.800000E02
2.365727E01, 1.800000E02
2.307432E01, 1.800000E02
2.248010E01, 1.800000E02
2.187469E01, 1.800000E02
2.125819E01, 1.800000E02
2.063072E01, 1.800000E02
1.999235E01, 1.800000E02
1.934319E01, 1.800000E02
1.868335E01, 1.800000E02
1.801291E01, 1.800000E02
1.733199E01, 1.800000E02
1.664067E01, 1.800000E02
1.593905E01, 1.800000E02
1.522724E01, 1.800000E02
1.450531E01, 1.800000E02
1.377336E01, 1.800000E02
1.303148E01, 1.800000E02
1.227975E01, 1.800000E02
1.151825E01, 1.800000E02
1.074706E01, 1.800000E02
9.966243E00, 1.800000E02
9.175878E00, 1.800000E02
8.376026E00, 1.800000E02
7.566746E00, 1.800000E02
6.748093E00, 1.800000E02
5.920118E00, 1.800000E02
5.082867E00, 1.800000E02
4.236380E00, 1.800000E02
3.380694E00, 1.800000E02
2.515840E00, 1.800000E02
1.641846E00, 1.800000E02
7.587336E-01, 1.800000E02
1.334775E-01, 0.000000E00
1.034773E00, 0.000000E00
1.945142E00, 0.000000E00
2.864576E00, 0.000000E00
3.793071E00, 0.000000E00
4.730624E00, 0.000000E00
5.677235E00, 0.000000E00
6.632904E00, 0.000000E00
7.597635E00, 0.000000E00
8.571429E00, 0.000000E00
9.554288E00, 0.000000E00
1.054621E01, 0.000000E00
1.154721E01, 0.000000E00
1.255727E01, 0.000000E00
1.357638E01, 0.000000E00
1.460455E01, 0.000000E00
1.564174E01, 0.000000E00
1.668796E01, 0.000000E00
1.774316E01, 0.000000E00
1.880731E01, 0.000000E00
1.988038E01, 0.000000E00
2.096231E01, 0.000000E00
2.205305E01, 0.000000E00
2.315251E01, 0.000000E00
2.426061E01, 0.000000E00
2.537726E01, 0.000000E00
2.650236E01, 0.000000E00
2.763576E01, 0.000000E00
2.877734E01, 0.000000E00
2.992693E01, 0.000000E00
3.108437E01, 0.000000E00
3.224946E01, 0.000000E00
3.342198E01, 0.000000E00
3.460172E01, 0.000000E00
3.578841E01, 0.000000E00
3.698179E01, 0.000000E00
3.818156E01, 0.000000E00
3.938740E01, 0.000000E00
4.059899E01, 0.000000E00
4.181595E01, 0.000000E00
4.303791E01, 0.000000E00
4.426444E01, 0.000000E00
4.549512E01, 0.000000E00
4.672950E01, 0.000000E00
4.796708E01, 0.000000E00
4.920736E01, 0.000000E00
5.044981E01, 0.000000E00
5.169386E01, 0.000000E00
5.293895E01, 0.000000E00
5.418445E01, 0.000000E00
5.542975E01, 0.000000E00
5.667419E01, 0.000000E00
5.791708E01, 0.000000E00
5.915774E01, 0.000000E00
6.039544E01, 0.000000E00
6.162943E01, 0.000000E00
6.285895E01, 0.000000E00
6.408322E01, 0.000000E00
6.530144E01, 0.000000E00
6.651278E01, 0.000000E00
6.771641E01, 0.000000E00
6.891148E01, 0.000000E00
7.009712E01, 0.000000E00
7.127246E01, 0.000000E00
7.243659E01, 0.000000E00
7.358863E01, 0.000000E00
7.472766E01, 0.000000E00
7.585276E01, 0.000000E00
7.696302E01, 0.000000E00
7.805751E01, 0.000000E00
7.913529E01, 0.000000E00
8.019545E01, 0.000000E00
8.123706E01, 0.000000E00
8.225918E01, 0.000000E00
8.326091E01, 0.000000E00
8.424134E01, 0.000000E00
8.519955E01, 0.000000E00
8.613466E01, 0.000000E00
8.704579E01, 0.000000E00
8.793207E01, 0.000000E00
8.879265E01, 0.000000E00
8.962670E01, 0.000000E00
9.043341E01, 0.000000E00
9.121199E01, 0.000000E00
9.196167E01, 0.000000E00
9.268170E01, 0.000000E00
9.337138E01, 0.000000E00
9.403002E01, 0.000000E00
9.465695E01, 0.000000E00
9.525156E01, 0.000000E00
9.581325E01, 0.000000E00
9.634146E01, 0.000000E00
9.683567E01, 0.000000E00
9.729540E01, 0.000000E00
9.772018E01, 0.000000E00
9.810963E01, 0.000000E00
9.846336E01, 0.000000E00
9.878106E01, 0.000000E00
9.906243E01, 0.000000E00
9.930723E01, 0.000000E00
9.951526E01, 0.000000E00
9.968637E01, 0.000000E00
9.982044E01, 0.000000E00
9.991741E01, 0.000000E00
9.997726E01, 0.000000E00
1.000000E02, 0.000000E00
9.998571E01, 0.000000E00
9.993449E01, 0.000000E00
9.984651E01, 0.000000E00
9.972197E01, 0.000000E00
9.956110E01, 0.000000E00
9.936420E01, 0.000000E00
9.913160E01, 0.000000E00
9.886368E01, 0.000000E00
9.856084E01, 0.000000E00
9.822354E01, 0.000000E00
9.785228E01, 0.000000E00
9.744758E01, 0.000000E00
9.701002E01, 0.000000E00
9.654020E01, 0.000000E00
9.603877E01, 0.000000E00
9.550638E01, 0.000000E00
9.494375E01, 0.000000E00
9.435161E01, 0.000000E00
9.373073E01, 0.000000E00
9.308188E01, 0.000000E00
9.240589E01, 0.000000E00
9.170359E01, 0.000000E00
9.097585E01, 0.000000E00
9.022353E01, 0.000000E00
8.944754E01, 0.000000E00
8.864878E01, 0.000000E00
8.782818E01, 0.000000E00
8.698669E01, 0.000000E00
8.612524E01, 0.000000E00
8.524479E01, 0.000000E00
8.434631E01, 0.000000E00
8.343075E01, 0.000000E00
8.249910E01, 0.000000E00
8.155231E01, 0.000000E00
8.059136E01, 0.000000E00
7.961721E01, 0.000000E00
7.863082E01, 0.000000E00
7.763315E01, 0.000000E00
7.662514E01, 0.000000E00
7.560772E01, 0.000000E00
7.458182E01, 0.000000E00
7.354834E01, 0.000000E00
7.250819E01, 0.000000E00
7.146225E01, 0.000000E00
7.041138E01, 0.000000E00
6.935642E01, 0.000000E00
6.829820E01, 0.000000E00
6.723752E01, 0.000000E00
6.617517E01, 0.000000E00
6.511190E01, 0.000000E00
6.404846E01, 0.000000E00
6.298556E01, 0.000000E00
6.192388E01, 0.000000E00
6.086409E01, 0.000000E00
5.980683E01, 0.000000E00
5.875270E01, 0.000000E00
5.770230E01, 0.000000E00
5.665617E01, 0.000000E00
5.561485E01, 0.000000E00
5.457885E01, 0.000000E00
5.354863E01, 0.000000E00
5.252466E01, 0.000000E00
5.150735E01, 0.000000E00
5.049710E01, 0.000000E00
4.949428E01, 0.000000E00
4.849924E01, 0.000000E00
4.751231E01, 0.000000E00
4.653377E01, 0.000000E00
4.556390E01, 0.000000E00
4.460294E01, 0.000000E00
4.365113E01, 0.000000E00
4.270868E01, 0.000000E00
4.177576E01, 0.000000E00
4.085253E01, 0.000000E00
3.993916E01, 0.000000E00
3.903575E01, 0.000000E00
3.814243E01, 0.000000E00
3.725929E01, 0.000000E00
3.638640E01, 0.000000E00
3.552383E01, 0.000000E00
3.467163E01, 0.000000E00
3.382985E01, 0.000000E00
3.299851E01, 0.000000E00
3.217762E01, 0.000000E00
3.136720E01, 0.000000E00
3.056726E01, 0.000000E00
2.977778E01, 0.000000E00
2.899875E01, 0.000000E00
2.823017E01, 0.000000E00
2.747200E01, 0.000000E00
2.672423E01, 0.000000E00
2.598683E01, 0.000000E00
2.525978E01, 0.000000E00
2.454305E01, 0.000000E00
2.383660E01, 0.000000E00
2.314043E01, 0.000000E00
2.245450E01, 0.000000E00
2.177879E01, 0.000000E00
2.111328E01, 0.000000E00
2.045796E01, 0.000000E00
1.981281E01, 0.000000E00
1.917782E01, 0.000000E00
1.855301E01, 0.000000E00
1.793835E01, 0.000000E00
1.733387E01, 0.000000E00
1.673957E01, 0.000000E00
1.615547E01, 0.000000E00
1.558160E01, 0.000000E00
1.501798E01, 0.000000E00
1.446464E01, 0.000000E00
1.392162E01, 0.000000E00
1.338898E01, 0.000000E00
1.286674E01, 0.000000E00
1.235498E01, 0.000000E00
1.185375E01, 0.000000E00
1.136310E01, 0.000000E00
1.088311E01, 0.000000E00
1.041384E01, 0.000000E00
9.955372E00, 0.000000E00
9.507770E00, 0.000000E00
9.071112E00, 0.000000E00
8.645475E00, 0.000000E00
8.230938E00, 0.000000E00
7.827578E00, 0.000000E00
7.435472E00, 0.000000E00
7.054695E00, 0.000000E00
6.685322E00, 0.000000E00
6.327424E00, 0.000000E00
5.981070E00, 0.000000E00
5.646324E00, 0.000000E00
5.323247E00, 0.000000E00
5.011893E00, 0.000000E00
4.712313E00, 0.000000E00
4.424548E00, 0.000000E00
4.148636E00, 0.000000E00
3.884604E00, 0.000000E00
3.632473E00, 0.000000E00
3.392254E00, 0.000000E00
3.163951E00, 0.000000E00
2.947556E00, 0.000000E00
2.743051E00, 0.000000E00
2.550409E00, 0.000000E00
2.369590E00, 0.000000E00
2.200545E00, 0.000000E00
2.043211E00, 0.000000E00
1.897514E00, 0.000000E00
1.763369E00, 0.000000E00
1.640677E00, 0.000000E00
1.529327E00, 0.000000E00
1.429196E00, 0.000000E00
1.340148E00, 0.000000E00
1.262033E00, 0.000000E00
1.194691E00, 0.000000E00
1.137947E00, 0.000000E00
1.091616E00, 0.000000E00
1.055499E00, 0.000000E00
1.029386E00, 0.000000E00
1.013053E00, 0.000000E00
##END=
