##TITLE= Mpf7
##JCAMP-DX= 5.00 Bruker JCAMP library
##DATA TYPE= Shape Data
##ORIGIN= Bruker BioSpin GmbH
##OWNER= <demo>
##DATE= 2005/09/22
##TIME= 18:32:43
##$SHAPE_PARAMETERS=
##MINX= 9.999999e+01
##MAXX= 1.000000e+02
##MINY= 0.000000e+00
##MAXY= 3.586997e+02
##$SHAPE_EXMODE= Inversion
##$SHAPE_TOTROT= 1.800000E02
##$SHAPE_TYPE= Inversion
##$SHAPE_USER_DEF= 
##$SHAPE_REPHFAC= 
##$SHAPE_BWFAC= 3.203400E01
##$SHAPE_BWFAC50= 
##$SHAPE_INTEGFAC= 1.41282848E-01
##$SHAPE_MODE= 0
##NPOINTS= 1274
##XYPOINTS= (XY..XY)
1.000000e+02, 3.130470e+02
1.000000e+02, 3.173170e+02
1.000000e+02, 3.215870e+02
1.000000e+02, 3.258570e+02
1.000000e+02, 3.301270e+02
1.000000e+02, 3.343970e+02
1.000000e+02, 3.386670e+02
1.000000e+02, 3.429370e+02
1.000000e+02, 3.472070e+02
1.000000e+02, 3.514770e+02
1.000000e+02, 3.557470e+02
1.000000e+02, 1.701000e-02
1.000000e+02, 4.287010e+00
1.000000e+02, 8.557010e+00
1.000000e+02, 1.282701e+01
1.000000e+02, 1.709701e+01
1.000000e+02, 2.136701e+01
1.000000e+02, 2.563701e+01
1.000000e+02, 2.990701e+01
1.000000e+02, 3.417701e+01
1.000000e+02, 3.844701e+01
1.000000e+02, 4.271700e+01
1.000000e+02, 4.698700e+01
9.999999e+01, 5.125700e+01
1.000000e+02, 5.552700e+01
1.000000e+02, 5.979700e+01
1.000000e+02, 6.406700e+01
1.000000e+02, 6.833700e+01
1.000000e+02, 7.260700e+01
1.000000e+02, 7.687700e+01
1.000000e+02, 8.114700e+01
1.000000e+02, 8.541701e+01
1.000000e+02, 8.968700e+01
1.000000e+02, 9.395700e+01
1.000000e+02, 9.822701e+01
1.000000e+02, 1.024970e+02
1.000000e+02, 1.067670e+02
1.000000e+02, 1.110370e+02
1.000000e+02, 1.153070e+02
1.000000e+02, 1.195770e+02
1.000000e+02, 1.238470e+02
1.000000e+02, 1.281170e+02
1.000000e+02, 1.323870e+02
1.000000e+02, 1.366570e+02
1.000000e+02, 1.409270e+02
1.000000e+02, 1.451970e+02
1.000000e+02, 1.494670e+02
1.000000e+02, 1.537370e+02
1.000000e+02, 1.580070e+02
1.000000e+02, 1.622770e+02
1.000000e+02, 1.665470e+02
1.000000e+02, 1.708170e+02
1.000000e+02, 1.750870e+02
1.000000e+02, 1.793570e+02
1.000000e+02, 1.836270e+02
1.000000e+02, 1.878970e+02
1.000000e+02, 1.921670e+02
1.000000e+02, 1.964370e+02
1.000000e+02, 2.007070e+02
1.000000e+02, 2.049770e+02
1.000000e+02, 2.092470e+02
1.000000e+02, 2.135170e+02
1.000000e+02, 2.177870e+02
1.000000e+02, 2.220570e+02
1.000000e+02, 2.263270e+02
1.000000e+02, 2.305970e+02
1.000000e+02, 2.348670e+02
1.000000e+02, 2.391370e+02
1.000000e+02, 2.434070e+02
1.000000e+02, 2.476770e+02
1.000000e+02, 2.519470e+02
1.000000e+02, 2.562170e+02
1.000000e+02, 2.604870e+02
1.000000e+02, 2.647570e+02
1.000000e+02, 2.690270e+02
1.000000e+02, 2.732970e+02
1.000000e+02, 2.775670e+02
1.000000e+02, 2.818370e+02
1.000000e+02, 2.861070e+02
1.000000e+02, 2.903770e+02
1.000000e+02, 2.946470e+02
9.999999e+01, 2.989170e+02
1.000000e+02, 3.031870e+02
1.000000e+02, 3.074570e+02
9.999999e+01, 3.117270e+02
1.000000e+02, 3.159970e+02
1.000000e+02, 3.202670e+02
1.000000e+02, 3.245370e+02
1.000000e+02, 3.288070e+02
1.000000e+02, 3.330770e+02
1.000000e+02, 3.373470e+02
1.000000e+02, 3.416170e+02
1.000000e+02, 3.458870e+02
1.000000e+02, 3.501570e+02
1.000000e+02, 3.544270e+02
1.000000e+02, 3.586970e+02
1.000000e+02, 2.966980e+00
1.000000e+02, 7.236969e+00
1.000000e+02, 1.150697e+01
1.000000e+02, 1.577697e+01
1.000000e+02, 2.004697e+01
1.000000e+02, 2.431697e+01
1.000000e+02, 2.858697e+01
1.000000e+02, 3.285697e+01
1.000000e+02, 3.712697e+01
1.000000e+02, 4.139697e+01
1.000000e+02, 4.566697e+01
1.000000e+02, 4.993697e+01
1.000000e+02, 5.420697e+01
1.000000e+02, 5.847697e+01
1.000000e+02, 6.274697e+01
1.000000e+02, 6.701697e+01
1.000000e+02, 7.128697e+01
1.000000e+02, 7.555697e+01
1.000000e+02, 7.982697e+01
1.000000e+02, 8.409697e+01
1.000000e+02, 8.836697e+01
1.000000e+02, 9.263696e+01
1.000000e+02, 9.690697e+01
1.000000e+02, 1.011770e+02
1.000000e+02, 1.054470e+02
1.000000e+02, 1.097170e+02
1.000000e+02, 1.139870e+02
1.000000e+02, 1.182570e+02
1.000000e+02, 1.225270e+02
1.000000e+02, 1.267970e+02
1.000000e+02, 1.310669e+02
1.000000e+02, 1.353370e+02
1.000000e+02, 1.396070e+02
1.000000e+02, 1.438770e+02
1.000000e+02, 1.481470e+02
1.000000e+02, 1.524170e+02
1.000000e+02, 1.566870e+02
1.000000e+02, 1.609569e+02
1.000000e+02, 1.652270e+02
1.000000e+02, 1.694970e+02
1.000000e+02, 1.737670e+02
1.000000e+02, 1.780370e+02
1.000000e+02, 1.823070e+02
1.000000e+02, 1.865770e+02
1.000000e+02, 1.908469e+02
1.000000e+02, 1.951169e+02
1.000000e+02, 1.993870e+02
1.000000e+02, 2.036570e+02
1.000000e+02, 2.079270e+02
1.000000e+02, 2.121970e+02
1.000000e+02, 2.164669e+02
1.000000e+02, 2.207370e+02
1.000000e+02, 2.250069e+02
1.000000e+02, 2.292769e+02
1.000000e+02, 2.335470e+02
1.000000e+02, 2.378169e+02
1.000000e+02, 2.420870e+02
1.000000e+02, 2.463569e+02
1.000000e+02, 2.506270e+02
1.000000e+02, 2.548970e+02
1.000000e+02, 2.591669e+02
1.000000e+02, 2.634370e+02
1.000000e+02, 2.677069e+02
1.000000e+02, 2.719770e+02
1.000000e+02, 2.762469e+02
1.000000e+02, 2.805170e+02
1.000000e+02, 2.847870e+02
1.000000e+02, 2.890570e+02
1.000000e+02, 2.933270e+02
1.000000e+02, 2.975970e+02
1.000000e+02, 3.018669e+02
1.000000e+02, 3.061369e+02
1.000000e+02, 3.061369e+02
9.999999e+01, 3.088470e+02
1.000000e+02, 3.115569e+02
1.000000e+02, 3.142669e+02
1.000000e+02, 3.169770e+02
1.000000e+02, 3.196870e+02
9.999999e+01, 3.223969e+02
1.000000e+02, 3.251070e+02
1.000000e+02, 3.278170e+02
1.000000e+02, 3.305269e+02
1.000000e+02, 3.332369e+02
1.000000e+02, 3.359470e+02
1.000000e+02, 3.386570e+02
1.000000e+02, 3.413669e+02
1.000000e+02, 3.440770e+02
1.000000e+02, 3.467870e+02
1.000000e+02, 3.494969e+02
1.000000e+02, 3.522070e+02
1.000000e+02, 3.549170e+02
1.000000e+02, 3.576270e+02
1.000000e+02, 3.369600e-01
1.000000e+02, 3.046970e+00
1.000000e+02, 5.756960e+00
1.000000e+02, 8.466960e+00
1.000000e+02, 1.117697e+01
1.000000e+02, 1.388696e+01
1.000000e+02, 1.659697e+01
1.000000e+02, 1.930698e+01
1.000000e+02, 2.201697e+01
1.000000e+02, 2.472700e+01
1.000000e+02, 2.743697e+01
1.000000e+02, 3.014697e+01
1.000000e+02, 3.285700e+01
1.000000e+02, 3.556694e+01
1.000000e+02, 3.827697e+01
1.000000e+02, 4.098697e+01
9.999999e+01, 4.369697e+01
1.000000e+02, 4.640697e+01
1.000000e+02, 4.911697e+01
1.000000e+02, 5.182697e+01
1.000000e+02, 5.453697e+01
1.000000e+02, 5.724697e+01
1.000000e+02, 5.995698e+01
1.000000e+02, 6.266700e+01
1.000000e+02, 6.537698e+01
9.999999e+01, 6.808698e+01
1.000000e+02, 7.079700e+01
1.000000e+02, 7.350698e+01
1.000000e+02, 7.621698e+01
1.000000e+02, 7.892701e+01
1.000000e+02, 8.163700e+01
1.000000e+02, 8.434698e+01
1.000000e+02, 8.705701e+01
1.000000e+02, 8.976701e+01
1.000000e+02, 9.247697e+01
1.000000e+02, 9.518700e+01
1.000000e+02, 9.789700e+01
1.000000e+02, 1.006070e+02
1.000000e+02, 1.033170e+02
1.000000e+02, 1.060270e+02
1.000000e+02, 1.087370e+02
1.000000e+02, 1.114470e+02
1.000000e+02, 1.141570e+02
1.000000e+02, 1.168670e+02
1.000000e+02, 1.195770e+02
1.000000e+02, 1.222870e+02
1.000000e+02, 1.249970e+02
1.000000e+02, 1.277070e+02
1.000000e+02, 1.304170e+02
1.000000e+02, 1.331270e+02
9.999999e+01, 1.358370e+02
1.000000e+02, 1.385470e+02
1.000000e+02, 1.412570e+02
1.000000e+02, 1.439670e+02
1.000000e+02, 1.466770e+02
1.000000e+02, 1.493870e+02
1.000000e+02, 1.520970e+02
1.000000e+02, 1.548070e+02
1.000000e+02, 1.575170e+02
1.000000e+02, 1.602270e+02
1.000000e+02, 1.629370e+02
1.000000e+02, 1.656470e+02
1.000000e+02, 1.683570e+02
1.000000e+02, 1.710670e+02
1.000000e+02, 1.737770e+02
1.000000e+02, 1.764870e+02
1.000000e+02, 1.791970e+02
1.000000e+02, 1.819070e+02
1.000000e+02, 1.846170e+02
1.000000e+02, 1.873270e+02
1.000000e+02, 1.900370e+02
1.000000e+02, 1.927470e+02
1.000000e+02, 1.954570e+02
1.000000e+02, 1.981670e+02
1.000000e+02, 2.008770e+02
1.000000e+02, 2.035870e+02
1.000000e+02, 2.062970e+02
1.000000e+02, 2.090070e+02
1.000000e+02, 2.117170e+02
1.000000e+02, 2.144270e+02
1.000000e+02, 2.171370e+02
1.000000e+02, 2.198470e+02
1.000000e+02, 2.225570e+02
1.000000e+02, 2.252670e+02
1.000000e+02, 2.279770e+02
1.000000e+02, 2.306870e+02
1.000000e+02, 2.333970e+02
1.000000e+02, 2.361070e+02
1.000000e+02, 2.388170e+02
1.000000e+02, 2.415270e+02
1.000000e+02, 2.442370e+02
1.000000e+02, 2.469471e+02
1.000000e+02, 2.496570e+02
1.000000e+02, 2.523670e+02
1.000000e+02, 2.550770e+02
1.000000e+02, 2.577870e+02
1.000000e+02, 2.604970e+02
1.000000e+02, 2.632071e+02
1.000000e+02, 2.659171e+02
1.000000e+02, 2.686270e+02
1.000000e+02, 2.713370e+02
1.000000e+02, 2.740471e+02
1.000000e+02, 2.767570e+02
1.000000e+02, 2.794670e+02
1.000000e+02, 2.821771e+02
1.000000e+02, 2.848871e+02
1.000000e+02, 2.875970e+02
1.000000e+02, 2.903071e+02
1.000000e+02, 2.930171e+02
1.000000e+02, 2.957271e+02
1.000000e+02, 2.984370e+02
1.000000e+02, 3.011471e+02
1.000000e+02, 3.038571e+02
1.000000e+02, 3.065670e+02
1.000000e+02, 3.092771e+02
1.000000e+02, 3.119871e+02
1.000000e+02, 3.146971e+02
1.000000e+02, 3.174071e+02
1.000000e+02, 3.201171e+02
1.000000e+02, 3.228271e+02
1.000000e+02, 3.255370e+02
1.000000e+02, 3.282471e+02
1.000000e+02, 3.309571e+02
1.000000e+02, 3.336671e+02
1.000000e+02, 3.363771e+02
1.000000e+02, 3.390871e+02
1.000000e+02, 3.417971e+02
1.000000e+02, 3.445070e+02
1.000000e+02, 3.472171e+02
1.000000e+02, 3.499271e+02
1.000000e+02, 3.526371e+02
1.000000e+02, 3.553471e+02
1.000000e+02, 3.580571e+02
1.000000e+02, 7.670701e-01
1.000000e+02, 3.477080e+00
1.000000e+02, 6.187070e+00
1.000000e+02, 8.897080e+00
1.000000e+02, 1.160707e+01
1.000000e+02, 1.431708e+01
1.000000e+02, 1.702707e+01
1.000000e+02, 1.973708e+01
1.000000e+02, 2.244708e+01
1.000000e+02, 2.515708e+01
1.000000e+02, 2.786705e+01
1.000000e+02, 3.057708e+01
1.000000e+02, 3.328708e+01
1.000000e+02, 3.599708e+01
1.000000e+02, 3.870708e+01
1.000000e+02, 4.141708e+01
1.000000e+02, 4.412708e+01
1.000000e+02, 4.683711e+01
1.000000e+02, 4.954708e+01
1.000000e+02, 5.225708e+01
1.000000e+02, 5.496711e+01
1.000000e+02, 5.767706e+01
1.000000e+02, 6.038709e+01
1.000000e+02, 6.309711e+01
1.000000e+02, 6.580709e+01
1.000000e+02, 6.851709e+01
1.000000e+02, 7.122711e+01
1.000000e+02, 7.393706e+01
1.000000e+02, 7.664709e+01
1.000000e+02, 7.935709e+01
1.000000e+02, 8.206709e+01
1.000000e+02, 8.477709e+01
1.000000e+02, 8.748709e+01
1.000000e+02, 9.019709e+01
1.000000e+02, 9.290709e+01
1.000000e+02, 9.561709e+01
1.000000e+02, 9.832709e+01
1.000000e+02, 9.832971e+01
1.000000e+02, 9.969971e+01
1.000000e+02, 1.010697e+02
1.000000e+02, 1.024397e+02
1.000000e+02, 1.038097e+02
1.000000e+02, 1.051797e+02
1.000000e+02, 1.065497e+02
1.000000e+02, 1.079197e+02
1.000000e+02, 1.092897e+02
1.000000e+02, 1.106597e+02
1.000000e+02, 1.120297e+02
1.000000e+02, 1.133997e+02
1.000000e+02, 1.147697e+02
1.000000e+02, 1.161397e+02
1.000000e+02, 1.175097e+02
1.000000e+02, 1.188797e+02
1.000000e+02, 1.202497e+02
9.999999e+01, 1.216197e+02
9.999999e+01, 1.229898e+02
1.000000e+02, 1.243597e+02
1.000000e+02, 1.257297e+02
1.000000e+02, 1.270997e+02
1.000000e+02, 1.284697e+02
1.000000e+02, 1.298397e+02
1.000000e+02, 1.312097e+02
1.000000e+02, 1.325797e+02
1.000000e+02, 1.339497e+02
1.000000e+02, 1.353197e+02
1.000000e+02, 1.366897e+02
1.000000e+02, 1.380598e+02
1.000000e+02, 1.394297e+02
1.000000e+02, 1.407998e+02
1.000000e+02, 1.421697e+02
1.000000e+02, 1.435398e+02
1.000000e+02, 1.449098e+02
1.000000e+02, 1.462798e+02
1.000000e+02, 1.476497e+02
1.000000e+02, 1.490198e+02
1.000000e+02, 1.503898e+02
1.000000e+02, 1.517598e+02
1.000000e+02, 1.531298e+02
1.000000e+02, 1.544998e+02
1.000000e+02, 1.558698e+02
1.000000e+02, 1.572398e+02
1.000000e+02, 1.586098e+02
1.000000e+02, 1.599798e+02
1.000000e+02, 1.613498e+02
1.000000e+02, 1.627198e+02
1.000000e+02, 1.640898e+02
1.000000e+02, 1.654598e+02
1.000000e+02, 1.668298e+02
1.000000e+02, 1.681998e+02
1.000000e+02, 1.695698e+02
1.000000e+02, 1.709398e+02
1.000000e+02, 1.723098e+02
1.000000e+02, 1.736798e+02
1.000000e+02, 1.750498e+02
1.000000e+02, 1.764198e+02
1.000000e+02, 1.777898e+02
1.000000e+02, 1.791598e+02
1.000000e+02, 1.805298e+02
1.000000e+02, 1.818998e+02
1.000000e+02, 1.832698e+02
1.000000e+02, 1.846398e+02
1.000000e+02, 1.860098e+02
1.000000e+02, 1.873798e+02
1.000000e+02, 1.887498e+02
1.000000e+02, 1.901198e+02
1.000000e+02, 1.914898e+02
1.000000e+02, 1.928598e+02
1.000000e+02, 1.942298e+02
1.000000e+02, 1.955998e+02
1.000000e+02, 1.969698e+02
1.000000e+02, 1.983398e+02
1.000000e+02, 1.997098e+02
1.000000e+02, 2.010798e+02
1.000000e+02, 2.024498e+02
1.000000e+02, 2.038198e+02
1.000000e+02, 2.051898e+02
1.000000e+02, 2.065598e+02
1.000000e+02, 2.079298e+02
9.999999e+01, 2.092998e+02
1.000000e+02, 2.106698e+02
1.000000e+02, 2.120398e+02
1.000000e+02, 2.134098e+02
1.000000e+02, 2.147798e+02
1.000000e+02, 2.161498e+02
1.000000e+02, 2.175199e+02
1.000000e+02, 2.188898e+02
1.000000e+02, 2.202598e+02
1.000000e+02, 2.216298e+02
1.000000e+02, 2.229998e+02
1.000000e+02, 2.243698e+02
1.000000e+02, 2.257399e+02
1.000000e+02, 2.271098e+02
1.000000e+02, 2.284799e+02
1.000000e+02, 2.298499e+02
1.000000e+02, 2.312198e+02
1.000000e+02, 2.325899e+02
9.999999e+01, 2.339599e+02
1.000000e+02, 2.353298e+02
1.000000e+02, 2.366999e+02
1.000000e+02, 2.380699e+02
1.000000e+02, 2.394399e+02
1.000000e+02, 2.408099e+02
1.000000e+02, 2.421799e+02
1.000000e+02, 2.435499e+02
1.000000e+02, 2.449199e+02
1.000000e+02, 2.462899e+02
1.000000e+02, 2.476599e+02
1.000000e+02, 2.490299e+02
1.000000e+02, 2.503999e+02
1.000000e+02, 2.517699e+02
1.000000e+02, 2.531399e+02
1.000000e+02, 2.545099e+02
1.000000e+02, 2.558799e+02
1.000000e+02, 2.572499e+02
1.000000e+02, 2.586199e+02
1.000000e+02, 2.599899e+02
1.000000e+02, 2.613599e+02
1.000000e+02, 2.627299e+02
1.000000e+02, 2.640999e+02
1.000000e+02, 2.654699e+02
1.000000e+02, 2.668399e+02
1.000000e+02, 2.682099e+02
1.000000e+02, 2.695799e+02
1.000000e+02, 2.709499e+02
1.000000e+02, 2.723199e+02
1.000000e+02, 2.736899e+02
1.000000e+02, 2.750599e+02
1.000000e+02, 2.764299e+02
1.000000e+02, 2.777999e+02
1.000000e+02, 2.791699e+02
1.000000e+02, 2.805399e+02
1.000000e+02, 2.819099e+02
1.000000e+02, 2.832799e+02
1.000000e+02, 2.846499e+02
1.000000e+02, 2.860199e+02
1.000000e+02, 2.873899e+02
1.000000e+02, 2.887599e+02
1.000000e+02, 2.901299e+02
1.000000e+02, 2.914999e+02
1.000000e+02, 2.928699e+02
1.000000e+02, 2.942399e+02
1.000000e+02, 2.956099e+02
1.000000e+02, 2.969799e+02
1.000000e+02, 2.983499e+02
1.000000e+02, 2.997199e+02
1.000000e+02, 3.010899e+02
1.000000e+02, 3.024600e+02
1.000000e+02, 3.038300e+02
9.999999e+01, 3.052000e+02
1.000000e+02, 3.065699e+02
1.000000e+02, 3.079399e+02
1.000000e+02, 3.093100e+02
1.000000e+02, 3.106800e+02
9.999999e+01, 3.120500e+02
1.000000e+02, 3.134200e+02
1.000000e+02, 3.147899e+02
1.000000e+02, 3.161600e+02
1.000000e+02, 3.175299e+02
1.000000e+02, 3.188999e+02
1.000000e+02, 3.202700e+02
1.000000e+02, 3.216400e+02
9.999999e+01, 3.230100e+02
1.000000e+02, 3.243800e+02
1.000000e+02, 3.257500e+02
1.000000e+02, 3.271200e+02
1.000000e+02, 3.284900e+02
1.000000e+02, 3.298600e+02
1.000000e+02, 3.312300e+02
1.000000e+02, 3.326000e+02
1.000000e+02, 3.339700e+02
1.000000e+02, 3.353400e+02
1.000000e+02, 3.367100e+02
1.000000e+02, 3.380800e+02
1.000000e+02, 3.394500e+02
1.000000e+02, 3.408200e+02
1.000000e+02, 3.421900e+02
1.000000e+02, 3.435600e+02
1.000000e+02, 3.449300e+02
1.000000e+02, 3.463000e+02
1.000000e+02, 3.476700e+02
1.000000e+02, 3.490400e+02
1.000000e+02, 3.504100e+02
1.000000e+02, 3.517800e+02
1.000000e+02, 3.531500e+02
1.000000e+02, 3.545200e+02
1.000000e+02, 3.558900e+02
1.000000e+02, 3.572600e+02
1.000000e+02, 3.586300e+02
1.000000e+02, 0.000000e+00
1.000000e+02, 0.000000e+00
1.000000e+02, 0.000000e+00
1.000000e+02, 0.000000e+00
1.000000e+02, 0.000000e+00
1.000000e+02, 0.000000e+00
1.000000e+02, 0.000000e+00
1.000000e+02, 0.000000e+00
1.000000e+02, 0.000000e+00
1.000000e+02, 0.000000e+00
1.000000e+02, 0.000000e+00
1.000000e+02, 0.000000e+00
1.000000e+02, 0.000000e+00
1.000000e+02, 0.000000e+00
1.000000e+02, 0.000000e+00
1.000000e+02, 0.000000e+00
1.000000e+02, 0.000000e+00
1.000000e+02, 0.000000e+00
1.000000e+02, 0.000000e+00
1.000000e+02, 0.000000e+00
1.000000e+02, 0.000000e+00
1.000000e+02, 0.000000e+00
1.000000e+02, 0.000000e+00
1.000000e+02, 0.000000e+00
1.000000e+02, 0.000000e+00
1.000000e+02, 0.000000e+00
1.000000e+02, 0.000000e+00
1.000000e+02, 0.000000e+00
1.000000e+02, 0.000000e+00
1.000000e+02, 0.000000e+00
1.000000e+02, 0.000000e+00
1.000000e+02, 0.000000e+00
1.000000e+02, 0.000000e+00
1.000000e+02, 0.000000e+00
1.000000e+02, 0.000000e+00
1.000000e+02, 0.000000e+00
1.000000e+02, 0.000000e+00
1.000000e+02, 0.000000e+00
1.000000e+02, 0.000000e+00
1.000000e+02, 0.000000e+00
1.000000e+02, 0.000000e+00
1.000000e+02, 0.000000e+00
1.000000e+02, 0.000000e+00
1.000000e+02, 0.000000e+00
1.000000e+02, 0.000000e+00
1.000000e+02, 0.000000e+00
1.000000e+02, 0.000000e+00
1.000000e+02, 0.000000e+00
1.000000e+02, 0.000000e+00
1.000000e+02, 0.000000e+00
1.000000e+02, 0.000000e+00
1.000000e+02, 0.000000e+00
1.000000e+02, 0.000000e+00
1.000000e+02, 0.000000e+00
1.000000e+02, 0.000000e+00
1.000000e+02, 0.000000e+00
1.000000e+02, 0.000000e+00
1.000000e+02, 0.000000e+00
1.000000e+02, 0.000000e+00
1.000000e+02, 0.000000e+00
1.000000e+02, 0.000000e+00
1.000000e+02, 0.000000e+00
1.000000e+02, 0.000000e+00
1.000000e+02, 0.000000e+00
1.000000e+02, 0.000000e+00
1.000000e+02, 0.000000e+00
1.000000e+02, 0.000000e+00
1.000000e+02, 0.000000e+00
1.000000e+02, 0.000000e+00
1.000000e+02, 0.000000e+00
1.000000e+02, 0.000000e+00
1.000000e+02, 0.000000e+00
1.000000e+02, 0.000000e+00
1.000000e+02, 0.000000e+00
1.000000e+02, 0.000000e+00
1.000000e+02, 0.000000e+00
1.000000e+02, 0.000000e+00
1.000000e+02, 0.000000e+00
1.000000e+02, 0.000000e+00
1.000000e+02, 0.000000e+00
1.000000e+02, 0.000000e+00
1.000000e+02, 0.000000e+00
1.000000e+02, 0.000000e+00
1.000000e+02, 0.000000e+00
1.000000e+02, 0.000000e+00
1.000000e+02, 0.000000e+00
1.000000e+02, 0.000000e+00
1.000000e+02, 0.000000e+00
1.000000e+02, 0.000000e+00
1.000000e+02, 0.000000e+00
1.000000e+02, 0.000000e+00
1.000000e+02, 0.000000e+00
1.000000e+02, 0.000000e+00
1.000000e+02, 0.000000e+00
1.000000e+02, 0.000000e+00
1.000000e+02, 0.000000e+00
1.000000e+02, 0.000000e+00
1.000000e+02, 0.000000e+00
1.000000e+02, 0.000000e+00
1.000000e+02, 0.000000e+00
1.000000e+02, 0.000000e+00
1.000000e+02, 0.000000e+00
1.000000e+02, 0.000000e+00
1.000000e+02, 0.000000e+00
1.000000e+02, 0.000000e+00
1.000000e+02, 0.000000e+00
1.000000e+02, 0.000000e+00
1.000000e+02, 0.000000e+00
1.000000e+02, 0.000000e+00
1.000000e+02, 0.000000e+00
1.000000e+02, 0.000000e+00
1.000000e+02, 0.000000e+00
1.000000e+02, 0.000000e+00
1.000000e+02, 0.000000e+00
1.000000e+02, 0.000000e+00
1.000000e+02, 0.000000e+00
1.000000e+02, 0.000000e+00
1.000000e+02, 0.000000e+00
1.000000e+02, 0.000000e+00
1.000000e+02, 0.000000e+00
1.000000e+02, 0.000000e+00
1.000000e+02, 0.000000e+00
1.000000e+02, 0.000000e+00
1.000000e+02, 0.000000e+00
1.000000e+02, 0.000000e+00
1.000000e+02, 0.000000e+00
1.000000e+02, 0.000000e+00
1.000000e+02, 0.000000e+00
1.000000e+02, 0.000000e+00
1.000000e+02, 0.000000e+00
1.000000e+02, 0.000000e+00
1.000000e+02, 0.000000e+00
1.000000e+02, 0.000000e+00
1.000000e+02, 0.000000e+00
1.000000e+02, 0.000000e+00
1.000000e+02, 0.000000e+00
1.000000e+02, 0.000000e+00
1.000000e+02, 0.000000e+00
1.000000e+02, 0.000000e+00
1.000000e+02, 0.000000e+00
1.000000e+02, 0.000000e+00
1.000000e+02, 0.000000e+00
1.000000e+02, 0.000000e+00
1.000000e+02, 0.000000e+00
1.000000e+02, 0.000000e+00
1.000000e+02, 0.000000e+00
1.000000e+02, 0.000000e+00
1.000000e+02, 0.000000e+00
1.000000e+02, 0.000000e+00
1.000000e+02, 0.000000e+00
1.000000e+02, 0.000000e+00
1.000000e+02, 0.000000e+00
1.000000e+02, 0.000000e+00
1.000000e+02, 0.000000e+00
1.000000e+02, 0.000000e+00
1.000000e+02, 0.000000e+00
1.000000e+02, 0.000000e+00
1.000000e+02, 0.000000e+00
1.000000e+02, 0.000000e+00
1.000000e+02, 0.000000e+00
1.000000e+02, 0.000000e+00
1.000000e+02, 0.000000e+00
1.000000e+02, 0.000000e+00
1.000000e+02, 0.000000e+00
1.000000e+02, 0.000000e+00
1.000000e+02, 0.000000e+00
1.000000e+02, 0.000000e+00
1.000000e+02, 0.000000e+00
1.000000e+02, 0.000000e+00
1.000000e+02, 0.000000e+00
1.000000e+02, 0.000000e+00
1.000000e+02, 0.000000e+00
1.000000e+02, 0.000000e+00
1.000000e+02, 0.000000e+00
1.000000e+02, 0.000000e+00
1.000000e+02, 0.000000e+00
1.000000e+02, 3.586300e+02
1.000000e+02, 3.572600e+02
1.000000e+02, 3.558900e+02
1.000000e+02, 3.545200e+02
1.000000e+02, 3.531500e+02
1.000000e+02, 3.517800e+02
1.000000e+02, 3.504100e+02
1.000000e+02, 3.490400e+02
1.000000e+02, 3.476700e+02
1.000000e+02, 3.463000e+02
1.000000e+02, 3.449300e+02
1.000000e+02, 3.435600e+02
1.000000e+02, 3.421900e+02
1.000000e+02, 3.408200e+02
1.000000e+02, 3.394500e+02
1.000000e+02, 3.380800e+02
1.000000e+02, 3.367100e+02
1.000000e+02, 3.353400e+02
1.000000e+02, 3.339700e+02
1.000000e+02, 3.326000e+02
1.000000e+02, 3.312300e+02
1.000000e+02, 3.298600e+02
1.000000e+02, 3.284900e+02
1.000000e+02, 3.271200e+02
1.000000e+02, 3.257500e+02
1.000000e+02, 3.243800e+02
9.999999e+01, 3.230100e+02
1.000000e+02, 3.216400e+02
1.000000e+02, 3.202700e+02
1.000000e+02, 3.188999e+02
1.000000e+02, 3.175299e+02
1.000000e+02, 3.161600e+02
1.000000e+02, 3.147899e+02
1.000000e+02, 3.134200e+02
9.999999e+01, 3.120500e+02
1.000000e+02, 3.106800e+02
1.000000e+02, 3.093100e+02
1.000000e+02, 3.079399e+02
1.000000e+02, 3.065699e+02
9.999999e+01, 3.052000e+02
1.000000e+02, 3.038300e+02
1.000000e+02, 3.024600e+02
1.000000e+02, 3.010899e+02
1.000000e+02, 2.997199e+02
1.000000e+02, 2.983499e+02
1.000000e+02, 2.969799e+02
1.000000e+02, 2.956099e+02
1.000000e+02, 2.942399e+02
1.000000e+02, 2.928699e+02
1.000000e+02, 2.914999e+02
1.000000e+02, 2.901299e+02
1.000000e+02, 2.887599e+02
1.000000e+02, 2.873899e+02
1.000000e+02, 2.860199e+02
1.000000e+02, 2.846499e+02
1.000000e+02, 2.832799e+02
1.000000e+02, 2.819099e+02
1.000000e+02, 2.805399e+02
1.000000e+02, 2.791699e+02
1.000000e+02, 2.777999e+02
1.000000e+02, 2.764299e+02
1.000000e+02, 2.750599e+02
1.000000e+02, 2.736899e+02
1.000000e+02, 2.723199e+02
1.000000e+02, 2.709499e+02
1.000000e+02, 2.695799e+02
1.000000e+02, 2.682099e+02
1.000000e+02, 2.668399e+02
1.000000e+02, 2.654699e+02
1.000000e+02, 2.640999e+02
1.000000e+02, 2.627299e+02
1.000000e+02, 2.613599e+02
1.000000e+02, 2.599899e+02
1.000000e+02, 2.586199e+02
1.000000e+02, 2.572499e+02
1.000000e+02, 2.558799e+02
1.000000e+02, 2.545099e+02
1.000000e+02, 2.531399e+02
1.000000e+02, 2.517699e+02
1.000000e+02, 2.503999e+02
1.000000e+02, 2.490299e+02
1.000000e+02, 2.476599e+02
1.000000e+02, 2.462899e+02
1.000000e+02, 2.449199e+02
1.000000e+02, 2.435499e+02
1.000000e+02, 2.421799e+02
1.000000e+02, 2.408099e+02
1.000000e+02, 2.394399e+02
1.000000e+02, 2.380699e+02
1.000000e+02, 2.366999e+02
1.000000e+02, 2.353298e+02
9.999999e+01, 2.339599e+02
1.000000e+02, 2.325899e+02
1.000000e+02, 2.312198e+02
1.000000e+02, 2.298499e+02
1.000000e+02, 2.284799e+02
1.000000e+02, 2.271098e+02
1.000000e+02, 2.257399e+02
1.000000e+02, 2.243698e+02
1.000000e+02, 2.229998e+02
1.000000e+02, 2.216298e+02
1.000000e+02, 2.202598e+02
1.000000e+02, 2.188898e+02
1.000000e+02, 2.175199e+02
1.000000e+02, 2.161498e+02
1.000000e+02, 2.147798e+02
1.000000e+02, 2.134098e+02
1.000000e+02, 2.120398e+02
1.000000e+02, 2.106698e+02
9.999999e+01, 2.092998e+02
1.000000e+02, 2.079298e+02
1.000000e+02, 2.065598e+02
1.000000e+02, 2.051898e+02
1.000000e+02, 2.038198e+02
1.000000e+02, 2.024498e+02
1.000000e+02, 2.010798e+02
1.000000e+02, 1.997098e+02
1.000000e+02, 1.983398e+02
1.000000e+02, 1.969698e+02
1.000000e+02, 1.955998e+02
1.000000e+02, 1.942298e+02
1.000000e+02, 1.928598e+02
1.000000e+02, 1.914898e+02
1.000000e+02, 1.901198e+02
1.000000e+02, 1.887498e+02
1.000000e+02, 1.873798e+02
1.000000e+02, 1.860098e+02
1.000000e+02, 1.846398e+02
1.000000e+02, 1.832698e+02
1.000000e+02, 1.818998e+02
1.000000e+02, 1.805298e+02
1.000000e+02, 1.791598e+02
1.000000e+02, 1.777898e+02
1.000000e+02, 1.764198e+02
1.000000e+02, 1.750498e+02
1.000000e+02, 1.736798e+02
1.000000e+02, 1.723098e+02
1.000000e+02, 1.709398e+02
1.000000e+02, 1.695698e+02
1.000000e+02, 1.681998e+02
1.000000e+02, 1.668298e+02
1.000000e+02, 1.654598e+02
1.000000e+02, 1.640898e+02
1.000000e+02, 1.627198e+02
1.000000e+02, 1.613498e+02
1.000000e+02, 1.599798e+02
1.000000e+02, 1.586098e+02
1.000000e+02, 1.572398e+02
1.000000e+02, 1.558698e+02
1.000000e+02, 1.544998e+02
1.000000e+02, 1.531298e+02
1.000000e+02, 1.517598e+02
1.000000e+02, 1.503898e+02
1.000000e+02, 1.490198e+02
1.000000e+02, 1.476497e+02
1.000000e+02, 1.462798e+02
1.000000e+02, 1.449098e+02
1.000000e+02, 1.435398e+02
1.000000e+02, 1.421697e+02
1.000000e+02, 1.407998e+02
1.000000e+02, 1.394297e+02
1.000000e+02, 1.380598e+02
1.000000e+02, 1.366897e+02
1.000000e+02, 1.353197e+02
1.000000e+02, 1.339497e+02
1.000000e+02, 1.325797e+02
1.000000e+02, 1.312097e+02
1.000000e+02, 1.298397e+02
1.000000e+02, 1.284697e+02
1.000000e+02, 1.270997e+02
1.000000e+02, 1.257297e+02
1.000000e+02, 1.243597e+02
9.999999e+01, 1.229898e+02
9.999999e+01, 1.216197e+02
1.000000e+02, 1.202497e+02
1.000000e+02, 1.188797e+02
1.000000e+02, 1.175097e+02
1.000000e+02, 1.161397e+02
1.000000e+02, 1.147697e+02
1.000000e+02, 1.133997e+02
1.000000e+02, 1.120297e+02
1.000000e+02, 1.106597e+02
1.000000e+02, 1.092897e+02
1.000000e+02, 1.079197e+02
1.000000e+02, 1.065497e+02
1.000000e+02, 1.051797e+02
1.000000e+02, 1.038097e+02
1.000000e+02, 1.024397e+02
1.000000e+02, 1.010697e+02
1.000000e+02, 9.969971e+01
1.000000e+02, 9.832971e+01
1.000000e+02, 9.832971e+01
1.000000e+02, 9.561971e+01
1.000000e+02, 9.290974e+01
1.000000e+02, 9.019971e+01
1.000000e+02, 8.748972e+01
1.000000e+02, 8.477972e+01
1.000000e+02, 8.206972e+01
1.000000e+02, 7.935972e+01
1.000000e+02, 7.664971e+01
1.000000e+02, 7.393968e+01
1.000000e+02, 7.122971e+01
1.000000e+02, 6.851971e+01
1.000000e+02, 6.580968e+01
1.000000e+02, 6.309974e+01
1.000000e+02, 6.038971e+01
1.000000e+02, 5.767970e+01
1.000000e+02, 5.496973e+01
1.000000e+02, 5.225971e+01
1.000000e+02, 4.954971e+01
1.000000e+02, 4.683973e+01
1.000000e+02, 4.412970e+01
1.000000e+02, 4.141970e+01
1.000000e+02, 3.870971e+01
1.000000e+02, 3.599970e+01
1.000000e+02, 3.328970e+01
1.000000e+02, 3.057971e+01
1.000000e+02, 2.786970e+01
1.000000e+02, 2.515973e+01
1.000000e+02, 2.244970e+01
1.000000e+02, 1.973972e+01
1.000000e+02, 1.702971e+01
1.000000e+02, 1.431972e+01
1.000000e+02, 1.160971e+01
1.000000e+02, 8.899700e+00
1.000000e+02, 6.189710e+00
1.000000e+02, 3.479710e+00
1.000000e+02, 7.697100e-01
1.000000e+02, 3.580597e+02
1.000000e+02, 3.553497e+02
1.000000e+02, 3.526397e+02
1.000000e+02, 3.499297e+02
1.000000e+02, 3.472197e+02
1.000000e+02, 3.445097e+02
1.000000e+02, 3.417997e+02
1.000000e+02, 3.390897e+02
1.000000e+02, 3.363797e+02
1.000000e+02, 3.336697e+02
1.000000e+02, 3.309597e+02
1.000000e+02, 3.282497e+02
1.000000e+02, 3.255397e+02
1.000000e+02, 3.228297e+02
1.000000e+02, 3.201197e+02
1.000000e+02, 3.174097e+02
1.000000e+02, 3.146997e+02
1.000000e+02, 3.119897e+02
1.000000e+02, 3.092797e+02
1.000000e+02, 3.065697e+02
1.000000e+02, 3.038597e+02
1.000000e+02, 3.011497e+02
1.000000e+02, 2.984397e+02
1.000000e+02, 2.957297e+02
1.000000e+02, 2.930197e+02
1.000000e+02, 2.903097e+02
1.000000e+02, 2.875997e+02
1.000000e+02, 2.848897e+02
1.000000e+02, 2.821797e+02
1.000000e+02, 2.794697e+02
1.000000e+02, 2.767597e+02
1.000000e+02, 2.740497e+02
1.000000e+02, 2.713397e+02
1.000000e+02, 2.686297e+02
1.000000e+02, 2.659197e+02
1.000000e+02, 2.632097e+02
1.000000e+02, 2.604997e+02
1.000000e+02, 2.577897e+02
1.000000e+02, 2.550797e+02
1.000000e+02, 2.523697e+02
1.000000e+02, 2.496597e+02
1.000000e+02, 2.469497e+02
1.000000e+02, 2.442397e+02
1.000000e+02, 2.415297e+02
1.000000e+02, 2.388197e+02
1.000000e+02, 2.361097e+02
1.000000e+02, 2.333997e+02
1.000000e+02, 2.306897e+02
1.000000e+02, 2.279797e+02
1.000000e+02, 2.252697e+02
1.000000e+02, 2.225597e+02
1.000000e+02, 2.198497e+02
1.000000e+02, 2.171397e+02
1.000000e+02, 2.144297e+02
1.000000e+02, 2.117197e+02
9.999999e+01, 2.090097e+02
1.000000e+02, 2.062997e+02
1.000000e+02, 2.035897e+02
1.000000e+02, 2.008797e+02
1.000000e+02, 1.981697e+02
1.000000e+02, 1.954597e+02
1.000000e+02, 1.927497e+02
1.000000e+02, 1.900397e+02
1.000000e+02, 1.873297e+02
1.000000e+02, 1.846197e+02
1.000000e+02, 1.819097e+02
1.000000e+02, 1.791997e+02
1.000000e+02, 1.764897e+02
1.000000e+02, 1.737797e+02
1.000000e+02, 1.710697e+02
1.000000e+02, 1.683597e+02
1.000000e+02, 1.656497e+02
1.000000e+02, 1.629397e+02
1.000000e+02, 1.602297e+02
1.000000e+02, 1.575197e+02
1.000000e+02, 1.548097e+02
1.000000e+02, 1.520997e+02
1.000000e+02, 1.493897e+02
1.000000e+02, 1.466797e+02
1.000000e+02, 1.439697e+02
1.000000e+02, 1.412597e+02
1.000000e+02, 1.385497e+02
1.000000e+02, 1.358397e+02
1.000000e+02, 1.331297e+02
9.999999e+01, 1.304197e+02
1.000000e+02, 1.277097e+02
1.000000e+02, 1.249997e+02
1.000000e+02, 1.222897e+02
1.000000e+02, 1.195797e+02
1.000000e+02, 1.168697e+02
1.000000e+02, 1.141597e+02
1.000000e+02, 1.114497e+02
1.000000e+02, 1.087397e+02
1.000000e+02, 1.060297e+02
1.000000e+02, 1.033197e+02
1.000000e+02, 1.006097e+02
1.000000e+02, 9.789971e+01
1.000000e+02, 9.518968e+01
1.000000e+02, 9.247971e+01
1.000000e+02, 8.976971e+01
1.000000e+02, 8.705968e+01
1.000000e+02, 8.434972e+01
1.000000e+02, 8.163972e+01
1.000000e+02, 7.892971e+01
1.000000e+02, 7.621973e+01
1.000000e+02, 7.350971e+01
1.000000e+02, 7.079971e+01
1.000000e+02, 6.808971e+01
1.000000e+02, 6.537971e+01
1.000000e+02, 6.266971e+01
1.000000e+02, 5.995971e+01
1.000000e+02, 5.724971e+01
1.000000e+02, 5.453971e+01
1.000000e+02, 5.182970e+01
1.000000e+02, 4.911968e+01
1.000000e+02, 4.640973e+01
1.000000e+02, 4.369970e+01
9.999999e+01, 4.098970e+01
1.000000e+02, 3.827973e+01
1.000000e+02, 3.556970e+01
1.000000e+02, 3.285970e+01
1.000000e+02, 3.014973e+01
1.000000e+02, 2.743970e+01
1.000000e+02, 2.472970e+01
1.000000e+02, 2.201971e+01
9.999999e+01, 1.930971e+01
1.000000e+02, 1.659972e+01
1.000000e+02, 1.388971e+01
1.000000e+02, 1.117972e+01
1.000000e+02, 8.469711e+00
1.000000e+02, 5.759700e+00
1.000000e+02, 3.049710e+00
1.000000e+02, 3.397100e-01
1.000000e+02, 3.576297e+02
1.000000e+02, 3.549197e+02
1.000000e+02, 3.522097e+02
1.000000e+02, 3.494997e+02
1.000000e+02, 3.467897e+02
1.000000e+02, 3.440797e+02
1.000000e+02, 3.413697e+02
1.000000e+02, 3.386597e+02
1.000000e+02, 3.359497e+02
1.000000e+02, 3.332397e+02
1.000000e+02, 3.305297e+02
1.000000e+02, 3.278197e+02
1.000000e+02, 3.251097e+02
1.000000e+02, 3.223997e+02
1.000000e+02, 3.196897e+02
1.000000e+02, 3.169797e+02
1.000000e+02, 3.142697e+02
1.000000e+02, 3.115597e+02
1.000000e+02, 3.088497e+02
9.999999e+01, 3.061397e+02
9.999999e+01, 3.061397e+02
1.000000e+02, 3.018697e+02
1.000000e+02, 2.975997e+02
1.000000e+02, 2.933297e+02
1.000000e+02, 2.890597e+02
1.000000e+02, 2.847897e+02
1.000000e+02, 2.805197e+02
1.000000e+02, 2.762497e+02
1.000000e+02, 2.719797e+02
1.000000e+02, 2.677097e+02
1.000000e+02, 2.634397e+02
1.000000e+02, 2.591697e+02
1.000000e+02, 2.548997e+02
1.000000e+02, 2.506297e+02
1.000000e+02, 2.463597e+02
1.000000e+02, 2.420897e+02
1.000000e+02, 2.378197e+02
1.000000e+02, 2.335497e+02
1.000000e+02, 2.292797e+02
1.000000e+02, 2.250097e+02
1.000000e+02, 2.207397e+02
1.000000e+02, 2.164697e+02
1.000000e+02, 2.121997e+02
1.000000e+02, 2.079297e+02
1.000000e+02, 2.036597e+02
1.000000e+02, 1.993897e+02
1.000000e+02, 1.951197e+02
1.000000e+02, 1.908497e+02
1.000000e+02, 1.865797e+02
1.000000e+02, 1.823097e+02
1.000000e+02, 1.780397e+02
1.000000e+02, 1.737697e+02
1.000000e+02, 1.694997e+02
1.000000e+02, 1.652297e+02
1.000000e+02, 1.609597e+02
1.000000e+02, 1.566897e+02
1.000000e+02, 1.524197e+02
1.000000e+02, 1.481497e+02
1.000000e+02, 1.438797e+02
1.000000e+02, 1.396097e+02
1.000000e+02, 1.353397e+02
1.000000e+02, 1.310697e+02
1.000000e+02, 1.267997e+02
1.000000e+02, 1.225297e+02
1.000000e+02, 1.182597e+02
1.000000e+02, 1.139897e+02
1.000000e+02, 1.097197e+02
1.000000e+02, 1.054497e+02
1.000000e+02, 1.011797e+02
1.000000e+02, 9.690971e+01
1.000000e+02, 9.263971e+01
1.000000e+02, 8.836971e+01
1.000000e+02, 8.409972e+01
1.000000e+02, 7.982971e+01
1.000000e+02, 7.555971e+01
1.000000e+02, 7.128971e+01
1.000000e+02, 6.701971e+01
1.000000e+02, 6.274971e+01
1.000000e+02, 5.847971e+01
1.000000e+02, 5.420971e+01
1.000000e+02, 4.993971e+01
1.000000e+02, 4.566971e+01
1.000000e+02, 4.139971e+01
1.000000e+02, 3.712971e+01
1.000000e+02, 3.285971e+01
1.000000e+02, 2.858971e+01
1.000000e+02, 2.431971e+01
1.000000e+02, 2.004971e+01
1.000000e+02, 1.577971e+01
1.000000e+02, 1.150971e+01
1.000000e+02, 7.239711e+00
1.000000e+02, 2.969710e+00
1.000000e+02, 3.586997e+02
1.000000e+02, 3.544297e+02
1.000000e+02, 3.501597e+02
1.000000e+02, 3.458897e+02
1.000000e+02, 3.416197e+02
1.000000e+02, 3.373497e+02
1.000000e+02, 3.330797e+02
1.000000e+02, 3.288097e+02
1.000000e+02, 3.245397e+02
1.000000e+02, 3.202697e+02
1.000000e+02, 3.159997e+02
1.000000e+02, 3.117297e+02
1.000000e+02, 3.074597e+02
1.000000e+02, 3.031897e+02
1.000000e+02, 2.989197e+02
1.000000e+02, 2.946497e+02
1.000000e+02, 2.903797e+02
1.000000e+02, 2.861097e+02
1.000000e+02, 2.818397e+02
1.000000e+02, 2.775697e+02
1.000000e+02, 2.732997e+02
1.000000e+02, 2.690297e+02
1.000000e+02, 2.647597e+02
1.000000e+02, 2.604897e+02
1.000000e+02, 2.562197e+02
1.000000e+02, 2.519497e+02
1.000000e+02, 2.476797e+02
1.000000e+02, 2.434097e+02
1.000000e+02, 2.391397e+02
1.000000e+02, 2.348697e+02
1.000000e+02, 2.305997e+02
1.000000e+02, 2.263297e+02
1.000000e+02, 2.220597e+02
1.000000e+02, 2.177897e+02
1.000000e+02, 2.135197e+02
1.000000e+02, 2.092497e+02
1.000000e+02, 2.049797e+02
1.000000e+02, 2.007097e+02
1.000000e+02, 1.964397e+02
1.000000e+02, 1.921697e+02
1.000000e+02, 1.878997e+02
1.000000e+02, 1.836297e+02
1.000000e+02, 1.793597e+02
1.000000e+02, 1.750897e+02
1.000000e+02, 1.708197e+02
1.000000e+02, 1.665497e+02
1.000000e+02, 1.622797e+02
1.000000e+02, 1.580097e+02
1.000000e+02, 1.537397e+02
1.000000e+02, 1.494697e+02
1.000000e+02, 1.451997e+02
1.000000e+02, 1.409297e+02
1.000000e+02, 1.366597e+02
1.000000e+02, 1.323897e+02
1.000000e+02, 1.281197e+02
1.000000e+02, 1.238497e+02
1.000000e+02, 1.195797e+02
1.000000e+02, 1.153097e+02
1.000000e+02, 1.110397e+02
1.000000e+02, 1.067697e+02
1.000000e+02, 1.024997e+02
1.000000e+02, 9.822971e+01
1.000000e+02, 9.395972e+01
1.000000e+02, 8.968971e+01
1.000000e+02, 8.541971e+01
1.000000e+02, 8.114970e+01
1.000000e+02, 7.687971e+01
1.000000e+02, 7.260971e+01
1.000000e+02, 6.833971e+01
1.000000e+02, 6.406971e+01
1.000000e+02, 5.979971e+01
9.999999e+01, 5.552971e+01
1.000000e+02, 5.125971e+01
1.000000e+02, 4.698971e+01
1.000000e+02, 4.271971e+01
1.000000e+02, 3.844971e+01
1.000000e+02, 3.417971e+01
1.000000e+02, 2.990971e+01
1.000000e+02, 2.563971e+01
1.000000e+02, 2.136971e+01
1.000000e+02, 1.709971e+01
1.000000e+02, 1.282971e+01
1.000000e+02, 8.559711e+00
1.000000e+02, 4.289710e+00
1.000000e+02, 1.971000e-02
1.000000e+02, 3.557497e+02
1.000000e+02, 3.514797e+02
1.000000e+02, 3.472097e+02
1.000000e+02, 3.429397e+02
1.000000e+02, 3.386697e+02
1.000000e+02, 3.343997e+02
1.000000e+02, 3.301297e+02
1.000000e+02, 3.258597e+02
1.000000e+02, 3.215897e+02
1.000000e+02, 3.173197e+02
1.000000e+02, 3.130497e+02
##END
