##TITLE= 
##JCAMP-DX= 5.00 Bruker JCAMP library
##DATA TYPE= Shape Data
##ORIGIN= Bruker BioSpin GmbH
##OWNER= <demo>
##DATE= 2016/11/11
##TIME= 16:38:16
##$SHAPE_PARAMETERS= Type: null
##MINX= 1.000000E02
##MAXX= 1.000000E02
##MINY= 0.000000E00
##MAXY= 3.598264E02
##$SHAPE_EXMODE= Inversion
##$SHAPE_TOTROT= 1.800000E02
##$SHAPE_TYPE= Inversion
##$SHAPE_USER_DEF= 
##$SHAPE_REPHFAC= 
##$SHAPE_BWFAC= 5.433E01
##$SHAPE_BWFAC50= 
##$SHAPE_INTEGFAC= 1.09625082E-01
##$SHAPE_MODE= 0
##NPOINTS= 500
##XYPOINTS= (XY..XY)
1.000000E02, 3.239300E02
1.000000E02, 3.426104E02
1.000000E02, 1.290755E00
1.000000E02, 1.997113E01
1.000000E02, 3.865151E01
1.000000E02, 5.733189E01
1.000000E02, 7.601226E01
1.000000E02, 9.469264E01
1.000000E02, 1.133730E02
1.000000E02, 1.320534E02
1.000000E02, 1.507338E02
1.000000E02, 1.694142E02
1.000000E02, 1.880945E02
1.000000E02, 2.067749E02
1.000000E02, 2.254553E02
1.000000E02, 2.441357E02
1.000000E02, 2.628160E02
1.000000E02, 2.814964E02
1.000000E02, 3.001768E02
1.000000E02, 3.188572E02
1.000000E02, 3.375375E02
1.000000E02, 3.562179E02
1.000000E02, 1.489830E01
1.000000E02, 3.357868E01
1.000000E02, 5.225906E01
1.000000E02, 7.093943E01
1.000000E02, 8.961981E01
1.000000E02, 1.083002E02
1.000000E02, 1.269806E02
1.000000E02, 1.456609E02
1.000000E02, 1.643413E02
1.000000E02, 1.830217E02
1.000000E02, 2.017021E02
1.000000E02, 2.203825E02
1.000000E02, 2.390628E02
1.000000E02, 2.577432E02
1.000000E02, 2.764236E02
1.000000E02, 2.951040E02
1.000000E02, 3.137843E02
1.000000E02, 3.324647E02
1.000000E02, 3.511451E02
1.000000E02, 9.825472E00
1.000000E02, 2.850585E01
1.000000E02, 4.718623E01
1.000000E02, 6.586660E01
1.000000E02, 8.454698E01
1.000000E02, 1.032274E02
1.000000E02, 1.219077E02
1.000000E02, 1.405881E02
1.000000E02, 1.592685E02
1.000000E02, 1.779489E02
1.000000E02, 1.966292E02
1.000000E02, 2.153096E02
1.000000E02, 2.339900E02
1.000000E02, 2.477881E02
1.000000E02, 2.615862E02
1.000000E02, 2.753843E02
1.000000E02, 2.891824E02
1.000000E02, 3.029805E02
1.000000E02, 3.167786E02
1.000000E02, 3.305767E02
1.000000E02, 3.443748E02
1.000000E02, 3.581729E02
1.000000E02, 1.197103E01
1.000000E02, 2.576914E01
1.000000E02, 3.956724E01
1.000000E02, 5.336534E01
1.000000E02, 6.716345E01
1.000000E02, 8.096155E01
1.000000E02, 9.475966E01
1.000000E02, 1.085578E02
1.000000E02, 1.223559E02
1.000000E02, 1.361540E02
1.000000E02, 1.499521E02
1.000000E02, 1.637502E02
1.000000E02, 1.775483E02
1.000000E02, 1.913464E02
1.000000E02, 2.051445E02
1.000000E02, 2.189426E02
1.000000E02, 2.327407E02
1.000000E02, 2.465388E02
1.000000E02, 2.603369E02
1.000000E02, 2.741350E02
1.000000E02, 2.879331E02
1.000000E02, 3.017312E02
1.000000E02, 3.155293E02
1.000000E02, 3.293274E02
1.000000E02, 3.431255E02
1.000000E02, 3.569236E02
1.000000E02, 1.072172E01
1.000000E02, 2.451983E01
1.000000E02, 3.831793E01
1.000000E02, 5.211603E01
1.000000E02, 6.591414E01
1.000000E02, 7.971224E01
1.000000E02, 9.351034E01
1.000000E02, 1.073084E02
1.000000E02, 1.211066E02
1.000000E02, 1.349047E02
1.000000E02, 1.487028E02
1.000000E02, 1.625009E02
1.000000E02, 1.762990E02
1.000000E02, 1.900971E02
1.000000E02, 2.038952E02
1.000000E02, 2.176933E02
1.000000E02, 2.314914E02
1.000000E02, 2.452895E02
1.000000E02, 2.590876E02
1.000000E02, 2.728857E02
1.000000E02, 2.866838E02
1.000000E02, 3.004819E02
1.000000E02, 3.142800E02
1.000000E02, 3.234970E02
1.000000E02, 3.327139E02
1.000000E02, 3.419309E02
1.000000E02, 3.511479E02
1.000000E02, 3.648214E-01
1.000000E02, 9.581786E00
1.000000E02, 1.879875E01
1.000000E02, 2.801571E01
1.000000E02, 3.723268E01
1.000000E02, 4.644964E01
1.000000E02, 5.566661E01
1.000000E02, 6.488357E01
1.000000E02, 7.410054E01
1.000000E02, 8.331750E01
1.000000E02, 9.253446E01
1.000000E02, 1.017514E02
1.000000E02, 1.109684E02
1.000000E02, 1.201854E02
1.000000E02, 1.294023E02
1.000000E02, 1.386193E02
1.000000E02, 1.478363E02
1.000000E02, 1.570532E02
1.000000E02, 1.662702E02
1.000000E02, 1.754871E02
1.000000E02, 1.847041E02
1.000000E02, 1.939211E02
1.000000E02, 2.031380E02
1.000000E02, 2.123550E02
1.000000E02, 2.215720E02
1.000000E02, 2.307889E02
1.000000E02, 2.400059E02
1.000000E02, 2.492229E02
1.000000E02, 2.584398E02
1.000000E02, 2.676568E02
1.000000E02, 2.768738E02
1.000000E02, 2.860907E02
1.000000E02, 2.953077E02
1.000000E02, 3.045246E02
1.000000E02, 3.137416E02
1.000000E02, 3.229586E02
1.000000E02, 3.321755E02
1.000000E02, 3.413925E02
1.000000E02, 3.506095E02
1.000000E02, 3.598264E02
1.000000E02, 9.043393E00
1.000000E02, 1.826036E01
1.000000E02, 2.747732E01
1.000000E02, 3.669429E01
1.000000E02, 4.591125E01
1.000000E02, 5.512821E01
1.000000E02, 6.434518E01
1.000000E02, 7.356214E01
1.000000E02, 8.277911E01
1.000000E02, 9.199607E01
1.000000E02, 1.012130E02
1.000000E02, 1.104300E02
1.000000E02, 1.150517E02
1.000000E02, 1.196733E02
1.000000E02, 1.242950E02
1.000000E02, 1.289167E02
1.000000E02, 1.335383E02
1.000000E02, 1.381600E02
1.000000E02, 1.427817E02
1.000000E02, 1.474033E02
1.000000E02, 1.520250E02
1.000000E02, 1.566467E02
1.000000E02, 1.612683E02
1.000000E02, 1.658900E02
1.000000E02, 1.705117E02
1.000000E02, 1.751333E02
1.000000E02, 1.797550E02
1.000000E02, 1.843767E02
1.000000E02, 1.889983E02
1.000000E02, 1.936200E02
1.000000E02, 1.982417E02
1.000000E02, 2.028633E02
1.000000E02, 2.074850E02
1.000000E02, 2.121067E02
1.000000E02, 2.167283E02
1.000000E02, 2.213500E02
1.000000E02, 2.259717E02
1.000000E02, 2.305933E02
1.000000E02, 2.352150E02
1.000000E02, 2.398367E02
1.000000E02, 2.444583E02
1.000000E02, 2.490800E02
1.000000E02, 2.537017E02
1.000000E02, 2.583233E02
1.000000E02, 2.629450E02
1.000000E02, 2.675667E02
1.000000E02, 2.721883E02
1.000000E02, 2.768100E02
1.000000E02, 2.814317E02
1.000000E02, 2.860533E02
1.000000E02, 2.906750E02
1.000000E02, 2.952967E02
1.000000E02, 2.999183E02
1.000000E02, 3.045400E02
1.000000E02, 3.091617E02
1.000000E02, 3.137833E02
1.000000E02, 3.184050E02
1.000000E02, 3.230267E02
1.000000E02, 3.276483E02
1.000000E02, 3.322700E02
1.000000E02, 3.368917E02
1.000000E02, 3.415133E02
1.000000E02, 3.461350E02
1.000000E02, 3.507567E02
1.000000E02, 3.553783E02
1.000000E02, 0.000000E00
1.000000E02, 0.000000E00
1.000000E02, 0.000000E00
1.000000E02, 0.000000E00
1.000000E02, 0.000000E00
1.000000E02, 0.000000E00
1.000000E02, 0.000000E00
1.000000E02, 0.000000E00
1.000000E02, 0.000000E00
1.000000E02, 0.000000E00
1.000000E02, 0.000000E00
1.000000E02, 0.000000E00
1.000000E02, 0.000000E00
1.000000E02, 0.000000E00
1.000000E02, 0.000000E00
1.000000E02, 0.000000E00
1.000000E02, 0.000000E00
1.000000E02, 0.000000E00
1.000000E02, 0.000000E00
1.000000E02, 0.000000E00
1.000000E02, 0.000000E00
1.000000E02, 0.000000E00
1.000000E02, 0.000000E00
1.000000E02, 0.000000E00
1.000000E02, 0.000000E00
1.000000E02, 0.000000E00
1.000000E02, 0.000000E00
1.000000E02, 0.000000E00
1.000000E02, 0.000000E00
1.000000E02, 0.000000E00
1.000000E02, 0.000000E00
1.000000E02, 0.000000E00
1.000000E02, 0.000000E00
1.000000E02, 0.000000E00
1.000000E02, 0.000000E00
1.000000E02, 0.000000E00
1.000000E02, 0.000000E00
1.000000E02, 0.000000E00
1.000000E02, 0.000000E00
1.000000E02, 0.000000E00
1.000000E02, 0.000000E00
1.000000E02, 0.000000E00
1.000000E02, 0.000000E00
1.000000E02, 0.000000E00
1.000000E02, 0.000000E00
1.000000E02, 0.000000E00
1.000000E02, 0.000000E00
1.000000E02, 0.000000E00
1.000000E02, 0.000000E00
1.000000E02, 0.000000E00
1.000000E02, 0.000000E00
1.000000E02, 0.000000E00
1.000000E02, 0.000000E00
1.000000E02, 0.000000E00
1.000000E02, 0.000000E00
1.000000E02, 0.000000E00
1.000000E02, 0.000000E00
1.000000E02, 0.000000E00
1.000000E02, 3.553783E02
1.000000E02, 3.507567E02
1.000000E02, 3.461350E02
1.000000E02, 3.415133E02
1.000000E02, 3.368917E02
1.000000E02, 3.322700E02
1.000000E02, 3.276483E02
1.000000E02, 3.230267E02
1.000000E02, 3.184050E02
1.000000E02, 3.137833E02
1.000000E02, 3.091617E02
1.000000E02, 3.045400E02
1.000000E02, 2.999183E02
1.000000E02, 2.952967E02
1.000000E02, 2.906750E02
1.000000E02, 2.860533E02
1.000000E02, 2.814317E02
1.000000E02, 2.768100E02
1.000000E02, 2.721883E02
1.000000E02, 2.675667E02
1.000000E02, 2.629450E02
1.000000E02, 2.583233E02
1.000000E02, 2.537017E02
1.000000E02, 2.490800E02
1.000000E02, 2.444583E02
1.000000E02, 2.398367E02
1.000000E02, 2.352150E02
1.000000E02, 2.305933E02
1.000000E02, 2.259717E02
1.000000E02, 2.213500E02
1.000000E02, 2.167283E02
1.000000E02, 2.121067E02
1.000000E02, 2.074850E02
1.000000E02, 2.028633E02
1.000000E02, 1.982417E02
1.000000E02, 1.936200E02
1.000000E02, 1.889983E02
1.000000E02, 1.843767E02
1.000000E02, 1.797550E02
1.000000E02, 1.751333E02
1.000000E02, 1.705117E02
1.000000E02, 1.658900E02
1.000000E02, 1.612683E02
1.000000E02, 1.566467E02
1.000000E02, 1.520250E02
1.000000E02, 1.474033E02
1.000000E02, 1.427817E02
1.000000E02, 1.381600E02
1.000000E02, 1.335383E02
1.000000E02, 1.289167E02
1.000000E02, 1.242950E02
1.000000E02, 1.196733E02
1.000000E02, 1.150517E02
1.000000E02, 1.104300E02
1.000000E02, 1.012130E02
1.000000E02, 9.199607E01
1.000000E02, 8.277911E01
1.000000E02, 7.356214E01
1.000000E02, 6.434518E01
1.000000E02, 5.512821E01
1.000000E02, 4.591125E01
1.000000E02, 3.669429E01
1.000000E02, 2.747732E01
1.000000E02, 1.826036E01
1.000000E02, 9.043393E00
1.000000E02, 3.598264E02
1.000000E02, 3.506095E02
1.000000E02, 3.413925E02
1.000000E02, 3.321755E02
1.000000E02, 3.229586E02
1.000000E02, 3.137416E02
1.000000E02, 3.045246E02
1.000000E02, 2.953077E02
1.000000E02, 2.860907E02
1.000000E02, 2.768738E02
1.000000E02, 2.676568E02
1.000000E02, 2.584398E02
1.000000E02, 2.492229E02
1.000000E02, 2.400059E02
1.000000E02, 2.307889E02
1.000000E02, 2.215720E02
1.000000E02, 2.123550E02
1.000000E02, 2.031380E02
1.000000E02, 1.939211E02
1.000000E02, 1.847041E02
1.000000E02, 1.754871E02
1.000000E02, 1.662702E02
1.000000E02, 1.570532E02
1.000000E02, 1.478363E02
1.000000E02, 1.386193E02
1.000000E02, 1.294023E02
1.000000E02, 1.201854E02
1.000000E02, 1.109684E02
1.000000E02, 1.017514E02
1.000000E02, 9.253446E01
1.000000E02, 8.331750E01
1.000000E02, 7.410054E01
1.000000E02, 6.488357E01
1.000000E02, 5.566661E01
1.000000E02, 4.644964E01
1.000000E02, 3.723268E01
1.000000E02, 2.801571E01
1.000000E02, 1.879875E01
1.000000E02, 9.581786E00
1.000000E02, 3.648214E-01
1.000000E02, 3.511479E02
1.000000E02, 3.419309E02
1.000000E02, 3.327139E02
1.000000E02, 3.234970E02
1.000000E02, 3.142800E02
1.000000E02, 3.004819E02
1.000000E02, 2.866838E02
1.000000E02, 2.728857E02
1.000000E02, 2.590876E02
1.000000E02, 2.452895E02
1.000000E02, 2.314914E02
1.000000E02, 2.176933E02
1.000000E02, 2.038952E02
1.000000E02, 1.900971E02
1.000000E02, 1.762990E02
1.000000E02, 1.625009E02
1.000000E02, 1.487028E02
1.000000E02, 1.349047E02
1.000000E02, 1.211066E02
1.000000E02, 1.073084E02
1.000000E02, 9.351034E01
1.000000E02, 7.971224E01
1.000000E02, 6.591414E01
1.000000E02, 5.211603E01
1.000000E02, 3.831793E01
1.000000E02, 2.451983E01
1.000000E02, 1.072172E01
1.000000E02, 3.569236E02
1.000000E02, 3.431255E02
1.000000E02, 3.293274E02
1.000000E02, 3.155293E02
1.000000E02, 3.017312E02
1.000000E02, 2.879331E02
1.000000E02, 2.741350E02
1.000000E02, 2.603369E02
1.000000E02, 2.465388E02
1.000000E02, 2.327407E02
1.000000E02, 2.189426E02
1.000000E02, 2.051445E02
1.000000E02, 1.913464E02
1.000000E02, 1.775483E02
1.000000E02, 1.637502E02
1.000000E02, 1.499521E02
1.000000E02, 1.361540E02
1.000000E02, 1.223559E02
1.000000E02, 1.085578E02
1.000000E02, 9.475966E01
1.000000E02, 8.096155E01
1.000000E02, 6.716345E01
1.000000E02, 5.336534E01
1.000000E02, 3.956724E01
1.000000E02, 2.576914E01
1.000000E02, 1.197103E01
1.000000E02, 3.581729E02
1.000000E02, 3.443748E02
1.000000E02, 3.305767E02
1.000000E02, 3.167786E02
1.000000E02, 3.029805E02
1.000000E02, 2.891824E02
1.000000E02, 2.753843E02
1.000000E02, 2.615862E02
1.000000E02, 2.477881E02
1.000000E02, 2.339900E02
1.000000E02, 2.153096E02
1.000000E02, 1.966292E02
1.000000E02, 1.779489E02
1.000000E02, 1.592685E02
1.000000E02, 1.405881E02
1.000000E02, 1.219077E02
1.000000E02, 1.032274E02
1.000000E02, 8.454698E01
1.000000E02, 6.586660E01
1.000000E02, 4.718623E01
1.000000E02, 2.850585E01
1.000000E02, 9.825472E00
1.000000E02, 3.511451E02
1.000000E02, 3.324647E02
1.000000E02, 3.137843E02
1.000000E02, 2.951040E02
1.000000E02, 2.764236E02
1.000000E02, 2.577432E02
1.000000E02, 2.390628E02
1.000000E02, 2.203825E02
1.000000E02, 2.017021E02
1.000000E02, 1.830217E02
1.000000E02, 1.643413E02
1.000000E02, 1.456609E02
1.000000E02, 1.269806E02
1.000000E02, 1.083002E02
1.000000E02, 8.961981E01
1.000000E02, 7.093943E01
1.000000E02, 5.225906E01
1.000000E02, 3.357868E01
1.000000E02, 1.489830E01
1.000000E02, 3.562179E02
1.000000E02, 3.375375E02
1.000000E02, 3.188572E02
1.000000E02, 3.001768E02
1.000000E02, 2.814964E02
1.000000E02, 2.628160E02
1.000000E02, 2.441357E02
1.000000E02, 2.254553E02
1.000000E02, 2.067749E02
1.000000E02, 1.880945E02
1.000000E02, 1.694142E02
1.000000E02, 1.507338E02
1.000000E02, 1.320534E02
1.000000E02, 1.133730E02
1.000000E02, 9.469264E01
1.000000E02, 7.601226E01
1.000000E02, 5.733189E01
1.000000E02, 3.865151E01
1.000000E02, 1.997113E01
1.000000E02, 1.290755E00
1.000000E02, 3.426104E02
1.000000E02, 3.239300E02
##END=
