##TITLE= 
##JCAMP-DX= 5.00 Bruker JCAMP library
##DATA TYPE= Shape Data
##ORIGIN= Bruker BioSpin GmbH
##OWNER= <demo>
##DATE= 2016/11/11
##TIME= 16:26:49
##$SHAPE_PARAMETERS= Type: null
##MINX= 1.000000E02
##MAXX= 1.000000E02
##MINY= 0.000000E00
##MAXY= 3.599570E02
##$SHAPE_EXMODE= Inversion
##$SHAPE_TOTROT= 1.800000E02
##$SHAPE_TYPE= Inversion
##$SHAPE_USER_DEF= 
##$SHAPE_REPHFAC= 
##$SHAPE_BWFAC= 5.433E01
##$SHAPE_BWFAC50= 
##$SHAPE_INTEGFAC= 1.09625082E-01
##$SHAPE_MODE= 0
##NPOINTS= 1000
##XYPOINTS= (XY..XY)
1.000000E02, 3.239300E02
1.000000E02, 3.332702E02
1.000000E02, 3.426104E02
1.000000E02, 3.519506E02
1.000000E02, 1.290755E00
1.000000E02, 1.063094E01
1.000000E02, 1.997113E01
1.000000E02, 2.931132E01
1.000000E02, 3.865151E01
1.000000E02, 4.799170E01
1.000000E02, 5.733189E01
1.000000E02, 6.667208E01
1.000000E02, 7.601226E01
1.000000E02, 8.535245E01
1.000000E02, 9.469264E01
1.000000E02, 1.040328E02
1.000000E02, 1.133730E02
1.000000E02, 1.227132E02
1.000000E02, 1.320534E02
1.000000E02, 1.413936E02
1.000000E02, 1.507338E02
1.000000E02, 1.600740E02
1.000000E02, 1.694142E02
1.000000E02, 1.787543E02
1.000000E02, 1.880945E02
1.000000E02, 1.974347E02
1.000000E02, 2.067749E02
1.000000E02, 2.161151E02
1.000000E02, 2.254553E02
1.000000E02, 2.347955E02
1.000000E02, 2.441357E02
1.000000E02, 2.534758E02
1.000000E02, 2.628160E02
1.000000E02, 2.721562E02
1.000000E02, 2.814964E02
1.000000E02, 2.908366E02
1.000000E02, 3.001768E02
1.000000E02, 3.095170E02
1.000000E02, 3.188572E02
1.000000E02, 3.281974E02
1.000000E02, 3.375375E02
1.000000E02, 3.468777E02
1.000000E02, 3.562179E02
1.000000E02, 5.558113E00
1.000000E02, 1.489830E01
1.000000E02, 2.423849E01
1.000000E02, 3.357868E01
1.000000E02, 4.291887E01
1.000000E02, 5.225906E01
1.000000E02, 6.159925E01
1.000000E02, 7.093943E01
1.000000E02, 8.027962E01
1.000000E02, 8.961981E01
1.000000E02, 9.896000E01
1.000000E02, 1.083002E02
1.000000E02, 1.176404E02
1.000000E02, 1.269806E02
1.000000E02, 1.363208E02
1.000000E02, 1.456609E02
1.000000E02, 1.550011E02
1.000000E02, 1.643413E02
1.000000E02, 1.736815E02
1.000000E02, 1.830217E02
1.000000E02, 1.923619E02
1.000000E02, 2.017021E02
1.000000E02, 2.110423E02
1.000000E02, 2.203825E02
1.000000E02, 2.297226E02
1.000000E02, 2.390628E02
1.000000E02, 2.484030E02
1.000000E02, 2.577432E02
1.000000E02, 2.670834E02
1.000000E02, 2.764236E02
1.000000E02, 2.857638E02
1.000000E02, 2.951040E02
1.000000E02, 3.044442E02
1.000000E02, 3.137843E02
1.000000E02, 3.231245E02
1.000000E02, 3.324647E02
1.000000E02, 3.418049E02
1.000000E02, 3.511451E02
1.000000E02, 4.852830E-01
1.000000E02, 9.825472E00
1.000000E02, 1.916566E01
1.000000E02, 2.850585E01
1.000000E02, 3.784604E01
1.000000E02, 4.718623E01
1.000000E02, 5.652642E01
1.000000E02, 6.586660E01
1.000000E02, 7.520679E01
1.000000E02, 8.454698E01
1.000000E02, 9.388717E01
1.000000E02, 1.032274E02
1.000000E02, 1.125675E02
1.000000E02, 1.219077E02
1.000000E02, 1.312479E02
1.000000E02, 1.405881E02
1.000000E02, 1.499283E02
1.000000E02, 1.592685E02
1.000000E02, 1.686087E02
1.000000E02, 1.779489E02
1.000000E02, 1.872891E02
1.000000E02, 1.966292E02
1.000000E02, 2.059694E02
1.000000E02, 2.153096E02
1.000000E02, 2.246498E02
1.000000E02, 2.339900E02
1.000000E02, 2.408891E02
1.000000E02, 2.477881E02
1.000000E02, 2.546872E02
1.000000E02, 2.615862E02
1.000000E02, 2.684853E02
1.000000E02, 2.753843E02
1.000000E02, 2.822834E02
1.000000E02, 2.891824E02
1.000000E02, 2.960815E02
1.000000E02, 3.029805E02
1.000000E02, 3.098796E02
1.000000E02, 3.167786E02
1.000000E02, 3.236777E02
1.000000E02, 3.305767E02
1.000000E02, 3.374758E02
1.000000E02, 3.443748E02
1.000000E02, 3.512739E02
1.000000E02, 3.581729E02
1.000000E02, 5.071983E00
1.000000E02, 1.197103E01
1.000000E02, 1.887009E01
1.000000E02, 2.576914E01
1.000000E02, 3.266819E01
1.000000E02, 3.956724E01
1.000000E02, 4.646629E01
1.000000E02, 5.336534E01
1.000000E02, 6.026440E01
1.000000E02, 6.716345E01
1.000000E02, 7.406250E01
1.000000E02, 8.096155E01
1.000000E02, 8.786060E01
1.000000E02, 9.475966E01
1.000000E02, 1.016587E02
1.000000E02, 1.085578E02
1.000000E02, 1.154568E02
1.000000E02, 1.223559E02
1.000000E02, 1.292549E02
1.000000E02, 1.361540E02
1.000000E02, 1.430530E02
1.000000E02, 1.499521E02
1.000000E02, 1.568511E02
1.000000E02, 1.637502E02
1.000000E02, 1.706492E02
1.000000E02, 1.775483E02
1.000000E02, 1.844473E02
1.000000E02, 1.913464E02
1.000000E02, 1.982454E02
1.000000E02, 2.051445E02
1.000000E02, 2.120435E02
1.000000E02, 2.189426E02
1.000000E02, 2.258416E02
1.000000E02, 2.327407E02
1.000000E02, 2.396397E02
1.000000E02, 2.465388E02
1.000000E02, 2.534378E02
1.000000E02, 2.603369E02
1.000000E02, 2.672359E02
1.000000E02, 2.741350E02
1.000000E02, 2.810341E02
1.000000E02, 2.879331E02
1.000000E02, 2.948322E02
1.000000E02, 3.017312E02
1.000000E02, 3.086303E02
1.000000E02, 3.155293E02
1.000000E02, 3.224284E02
1.000000E02, 3.293274E02
1.000000E02, 3.362265E02
1.000000E02, 3.431255E02
1.000000E02, 3.500246E02
1.000000E02, 3.569236E02
1.000000E02, 3.822672E00
1.000000E02, 1.072172E01
1.000000E02, 1.762078E01
1.000000E02, 2.451983E01
1.000000E02, 3.141888E01
1.000000E02, 3.831793E01
1.000000E02, 4.521698E01
1.000000E02, 5.211603E01
1.000000E02, 5.901509E01
1.000000E02, 6.591414E01
1.000000E02, 7.281319E01
1.000000E02, 7.971224E01
1.000000E02, 8.661129E01
1.000000E02, 9.351034E01
1.000000E02, 1.004094E02
1.000000E02, 1.073084E02
1.000000E02, 1.142075E02
1.000000E02, 1.211066E02
1.000000E02, 1.280056E02
1.000000E02, 1.349047E02
1.000000E02, 1.418037E02
1.000000E02, 1.487028E02
1.000000E02, 1.556018E02
1.000000E02, 1.625009E02
1.000000E02, 1.693999E02
1.000000E02, 1.762990E02
1.000000E02, 1.831980E02
1.000000E02, 1.900971E02
1.000000E02, 1.969961E02
1.000000E02, 2.038952E02
1.000000E02, 2.107942E02
1.000000E02, 2.176933E02
1.000000E02, 2.245923E02
1.000000E02, 2.314914E02
1.000000E02, 2.383904E02
1.000000E02, 2.452895E02
1.000000E02, 2.521885E02
1.000000E02, 2.590876E02
1.000000E02, 2.659866E02
1.000000E02, 2.728857E02
1.000000E02, 2.797847E02
1.000000E02, 2.866838E02
1.000000E02, 2.935828E02
1.000000E02, 3.004819E02
1.000000E02, 3.073809E02
1.000000E02, 3.142800E02
1.000000E02, 3.188076E02
1.000000E02, 3.233353E02
1.000000E02, 3.278629E02
1.000000E02, 3.323905E02
1.000000E02, 3.369182E02
1.000000E02, 3.414458E02
1.000000E02, 3.459734E02
1.000000E02, 3.505011E02
1.000000E02, 3.550287E02
1.000000E02, 3.595563E02
1.000000E02, 4.083947E00
1.000000E02, 8.611579E00
1.000000E02, 1.313921E01
1.000000E02, 1.766684E01
1.000000E02, 2.219447E01
1.000000E02, 2.672211E01
1.000000E02, 3.124974E01
1.000000E02, 3.577737E01
1.000000E02, 4.030500E01
1.000000E02, 4.483263E01
1.000000E02, 4.936026E01
1.000000E02, 5.388789E01
1.000000E02, 5.841553E01
1.000000E02, 6.294316E01
1.000000E02, 6.747079E01
1.000000E02, 7.199842E01
1.000000E02, 7.652605E01
1.000000E02, 8.105368E01
1.000000E02, 8.558132E01
1.000000E02, 9.010895E01
1.000000E02, 9.463658E01
1.000000E02, 9.916421E01
1.000000E02, 1.036918E02
1.000000E02, 1.082195E02
1.000000E02, 1.127471E02
1.000000E02, 1.172747E02
1.000000E02, 1.218024E02
1.000000E02, 1.263300E02
1.000000E02, 1.308576E02
1.000000E02, 1.353853E02
1.000000E02, 1.399129E02
1.000000E02, 1.444405E02
1.000000E02, 1.489682E02
1.000000E02, 1.534958E02
1.000000E02, 1.580234E02
1.000000E02, 1.625511E02
1.000000E02, 1.670787E02
1.000000E02, 1.716063E02
1.000000E02, 1.761339E02
1.000000E02, 1.806616E02
1.000000E02, 1.851892E02
1.000000E02, 1.897168E02
1.000000E02, 1.942445E02
1.000000E02, 1.987721E02
1.000000E02, 2.032997E02
1.000000E02, 2.078274E02
1.000000E02, 2.123550E02
1.000000E02, 2.168826E02
1.000000E02, 2.214103E02
1.000000E02, 2.259379E02
1.000000E02, 2.304655E02
1.000000E02, 2.349932E02
1.000000E02, 2.395208E02
1.000000E02, 2.440484E02
1.000000E02, 2.485761E02
1.000000E02, 2.531037E02
1.000000E02, 2.576313E02
1.000000E02, 2.621589E02
1.000000E02, 2.666866E02
1.000000E02, 2.712142E02
1.000000E02, 2.757418E02
1.000000E02, 2.802695E02
1.000000E02, 2.847971E02
1.000000E02, 2.893247E02
1.000000E02, 2.938524E02
1.000000E02, 2.983800E02
1.000000E02, 3.029076E02
1.000000E02, 3.074353E02
1.000000E02, 3.119629E02
1.000000E02, 3.164905E02
1.000000E02, 3.210182E02
1.000000E02, 3.255458E02
1.000000E02, 3.300734E02
1.000000E02, 3.346011E02
1.000000E02, 3.391287E02
1.000000E02, 3.436563E02
1.000000E02, 3.481839E02
1.000000E02, 3.527116E02
1.000000E02, 3.572392E02
1.000000E02, 1.766842E00
1.000000E02, 6.294474E00
1.000000E02, 1.082211E01
1.000000E02, 1.534974E01
1.000000E02, 1.987737E01
1.000000E02, 2.440500E01
1.000000E02, 2.893263E01
1.000000E02, 3.346026E01
1.000000E02, 3.798789E01
1.000000E02, 4.251553E01
1.000000E02, 4.704316E01
1.000000E02, 5.157079E01
1.000000E02, 5.609842E01
1.000000E02, 6.062605E01
1.000000E02, 6.515368E01
1.000000E02, 6.968132E01
1.000000E02, 7.420895E01
1.000000E02, 7.873658E01
1.000000E02, 8.326421E01
1.000000E02, 8.779184E01
1.000000E02, 9.231947E01
1.000000E02, 9.684711E01
1.000000E02, 1.013747E02
1.000000E02, 1.104300E02
1.000000E02, 1.127408E02
1.000000E02, 1.150517E02
1.000000E02, 1.173625E02
1.000000E02, 1.196733E02
1.000000E02, 1.219842E02
1.000000E02, 1.242950E02
1.000000E02, 1.266058E02
1.000000E02, 1.289167E02
1.000000E02, 1.312275E02
1.000000E02, 1.335383E02
1.000000E02, 1.358492E02
1.000000E02, 1.381600E02
1.000000E02, 1.404708E02
1.000000E02, 1.427817E02
1.000000E02, 1.450925E02
1.000000E02, 1.474033E02
1.000000E02, 1.497142E02
1.000000E02, 1.520250E02
1.000000E02, 1.543358E02
1.000000E02, 1.566467E02
1.000000E02, 1.589575E02
1.000000E02, 1.612683E02
1.000000E02, 1.635792E02
1.000000E02, 1.658900E02
1.000000E02, 1.682008E02
1.000000E02, 1.705117E02
1.000000E02, 1.728225E02
1.000000E02, 1.751333E02
1.000000E02, 1.774442E02
1.000000E02, 1.797550E02
1.000000E02, 1.820658E02
1.000000E02, 1.843767E02
1.000000E02, 1.866875E02
1.000000E02, 1.889983E02
1.000000E02, 1.913092E02
1.000000E02, 1.936200E02
1.000000E02, 1.959308E02
1.000000E02, 1.982417E02
1.000000E02, 2.005525E02
1.000000E02, 2.028633E02
1.000000E02, 2.051742E02
1.000000E02, 2.074850E02
1.000000E02, 2.097958E02
1.000000E02, 2.121067E02
1.000000E02, 2.144175E02
1.000000E02, 2.167283E02
1.000000E02, 2.190392E02
1.000000E02, 2.213500E02
1.000000E02, 2.236608E02
1.000000E02, 2.259717E02
1.000000E02, 2.282825E02
1.000000E02, 2.305933E02
1.000000E02, 2.329042E02
1.000000E02, 2.352150E02
1.000000E02, 2.375258E02
1.000000E02, 2.398367E02
1.000000E02, 2.421475E02
1.000000E02, 2.444583E02
1.000000E02, 2.467692E02
1.000000E02, 2.490800E02
1.000000E02, 2.513908E02
1.000000E02, 2.537017E02
1.000000E02, 2.560125E02
1.000000E02, 2.583233E02
1.000000E02, 2.606342E02
1.000000E02, 2.629450E02
1.000000E02, 2.652558E02
1.000000E02, 2.675667E02
1.000000E02, 2.698775E02
1.000000E02, 2.721883E02
1.000000E02, 2.744992E02
1.000000E02, 2.768100E02
1.000000E02, 2.791208E02
1.000000E02, 2.814317E02
1.000000E02, 2.837425E02
1.000000E02, 2.860533E02
1.000000E02, 2.883642E02
1.000000E02, 2.906750E02
1.000000E02, 2.929858E02
1.000000E02, 2.952967E02
1.000000E02, 2.976075E02
1.000000E02, 2.999183E02
1.000000E02, 3.022292E02
1.000000E02, 3.045400E02
1.000000E02, 3.068508E02
1.000000E02, 3.091617E02
1.000000E02, 3.114725E02
1.000000E02, 3.137833E02
1.000000E02, 3.160942E02
1.000000E02, 3.184050E02
1.000000E02, 3.207158E02
1.000000E02, 3.230267E02
1.000000E02, 3.253375E02
1.000000E02, 3.276483E02
1.000000E02, 3.299592E02
1.000000E02, 3.322700E02
1.000000E02, 3.345808E02
1.000000E02, 3.368917E02
1.000000E02, 3.392025E02
1.000000E02, 3.415133E02
1.000000E02, 3.438242E02
1.000000E02, 3.461350E02
1.000000E02, 3.484458E02
1.000000E02, 3.507567E02
1.000000E02, 3.530675E02
1.000000E02, 3.553783E02
1.000000E02, 3.576892E02
1.000000E02, 0.000000E00
1.000000E02, 0.000000E00
1.000000E02, 0.000000E00
1.000000E02, 0.000000E00
1.000000E02, 0.000000E00
1.000000E02, 0.000000E00
1.000000E02, 0.000000E00
1.000000E02, 0.000000E00
1.000000E02, 0.000000E00
1.000000E02, 0.000000E00
1.000000E02, 0.000000E00
1.000000E02, 0.000000E00
1.000000E02, 0.000000E00
1.000000E02, 0.000000E00
1.000000E02, 0.000000E00
1.000000E02, 0.000000E00
1.000000E02, 0.000000E00
1.000000E02, 0.000000E00
1.000000E02, 0.000000E00
1.000000E02, 0.000000E00
1.000000E02, 0.000000E00
1.000000E02, 0.000000E00
1.000000E02, 0.000000E00
1.000000E02, 0.000000E00
1.000000E02, 0.000000E00
1.000000E02, 0.000000E00
1.000000E02, 0.000000E00
1.000000E02, 0.000000E00
1.000000E02, 0.000000E00
1.000000E02, 0.000000E00
1.000000E02, 0.000000E00
1.000000E02, 0.000000E00
1.000000E02, 0.000000E00
1.000000E02, 0.000000E00
1.000000E02, 0.000000E00
1.000000E02, 0.000000E00
1.000000E02, 0.000000E00
1.000000E02, 0.000000E00
1.000000E02, 0.000000E00
1.000000E02, 0.000000E00
1.000000E02, 0.000000E00
1.000000E02, 0.000000E00
1.000000E02, 0.000000E00
1.000000E02, 0.000000E00
1.000000E02, 0.000000E00
1.000000E02, 0.000000E00
1.000000E02, 0.000000E00
1.000000E02, 0.000000E00
1.000000E02, 0.000000E00
1.000000E02, 0.000000E00
1.000000E02, 0.000000E00
1.000000E02, 0.000000E00
1.000000E02, 0.000000E00
1.000000E02, 0.000000E00
1.000000E02, 0.000000E00
1.000000E02, 0.000000E00
1.000000E02, 0.000000E00
1.000000E02, 0.000000E00
1.000000E02, 0.000000E00
1.000000E02, 0.000000E00
1.000000E02, 0.000000E00
1.000000E02, 0.000000E00
1.000000E02, 0.000000E00
1.000000E02, 0.000000E00
1.000000E02, 0.000000E00
1.000000E02, 0.000000E00
1.000000E02, 0.000000E00
1.000000E02, 0.000000E00
1.000000E02, 0.000000E00
1.000000E02, 0.000000E00
1.000000E02, 0.000000E00
1.000000E02, 0.000000E00
1.000000E02, 0.000000E00
1.000000E02, 0.000000E00
1.000000E02, 0.000000E00
1.000000E02, 0.000000E00
1.000000E02, 0.000000E00
1.000000E02, 0.000000E00
1.000000E02, 0.000000E00
1.000000E02, 0.000000E00
1.000000E02, 0.000000E00
1.000000E02, 0.000000E00
1.000000E02, 0.000000E00
1.000000E02, 0.000000E00
1.000000E02, 0.000000E00
1.000000E02, 0.000000E00
1.000000E02, 0.000000E00
1.000000E02, 0.000000E00
1.000000E02, 0.000000E00
1.000000E02, 0.000000E00
1.000000E02, 0.000000E00
1.000000E02, 0.000000E00
1.000000E02, 0.000000E00
1.000000E02, 0.000000E00
1.000000E02, 0.000000E00
1.000000E02, 0.000000E00
1.000000E02, 0.000000E00
1.000000E02, 0.000000E00
1.000000E02, 0.000000E00
1.000000E02, 0.000000E00
1.000000E02, 0.000000E00
1.000000E02, 0.000000E00
1.000000E02, 0.000000E00
1.000000E02, 0.000000E00
1.000000E02, 0.000000E00
1.000000E02, 0.000000E00
1.000000E02, 0.000000E00
1.000000E02, 0.000000E00
1.000000E02, 0.000000E00
1.000000E02, 0.000000E00
1.000000E02, 0.000000E00
1.000000E02, 0.000000E00
1.000000E02, 0.000000E00
1.000000E02, 3.577104E02
1.000000E02, 3.554207E02
1.000000E02, 3.531311E02
1.000000E02, 3.508415E02
1.000000E02, 3.485518E02
1.000000E02, 3.462622E02
1.000000E02, 3.439726E02
1.000000E02, 3.416829E02
1.000000E02, 3.393933E02
1.000000E02, 3.371037E02
1.000000E02, 3.348140E02
1.000000E02, 3.325244E02
1.000000E02, 3.302348E02
1.000000E02, 3.279451E02
1.000000E02, 3.256555E02
1.000000E02, 3.233659E02
1.000000E02, 3.210762E02
1.000000E02, 3.187866E02
1.000000E02, 3.164970E02
1.000000E02, 3.142073E02
1.000000E02, 3.119177E02
1.000000E02, 3.096281E02
1.000000E02, 3.073384E02
1.000000E02, 3.050488E02
1.000000E02, 3.027592E02
1.000000E02, 3.004695E02
1.000000E02, 2.981799E02
1.000000E02, 2.958903E02
1.000000E02, 2.936006E02
1.000000E02, 2.913110E02
1.000000E02, 2.890214E02
1.000000E02, 2.867317E02
1.000000E02, 2.844421E02
1.000000E02, 2.821525E02
1.000000E02, 2.798628E02
1.000000E02, 2.775732E02
1.000000E02, 2.752836E02
1.000000E02, 2.729939E02
1.000000E02, 2.707043E02
1.000000E02, 2.684147E02
1.000000E02, 2.661250E02
1.000000E02, 2.638354E02
1.000000E02, 2.615458E02
1.000000E02, 2.592561E02
1.000000E02, 2.569665E02
1.000000E02, 2.546769E02
1.000000E02, 2.523872E02
1.000000E02, 2.500976E02
1.000000E02, 2.478080E02
1.000000E02, 2.455183E02
1.000000E02, 2.432287E02
1.000000E02, 2.409391E02
1.000000E02, 2.386494E02
1.000000E02, 2.363598E02
1.000000E02, 2.340702E02
1.000000E02, 2.317806E02
1.000000E02, 2.294909E02
1.000000E02, 2.272013E02
1.000000E02, 2.249117E02
1.000000E02, 2.226220E02
1.000000E02, 2.203324E02
1.000000E02, 2.180428E02
1.000000E02, 2.157531E02
1.000000E02, 2.134635E02
1.000000E02, 2.111739E02
1.000000E02, 2.088842E02
1.000000E02, 2.065946E02
1.000000E02, 2.043050E02
1.000000E02, 2.020153E02
1.000000E02, 1.997257E02
1.000000E02, 1.974361E02
1.000000E02, 1.951464E02
1.000000E02, 1.928568E02
1.000000E02, 1.905672E02
1.000000E02, 1.882775E02
1.000000E02, 1.859879E02
1.000000E02, 1.836983E02
1.000000E02, 1.814086E02
1.000000E02, 1.791190E02
1.000000E02, 1.768294E02
1.000000E02, 1.745397E02
1.000000E02, 1.722501E02
1.000000E02, 1.699605E02
1.000000E02, 1.676708E02
1.000000E02, 1.653812E02
1.000000E02, 1.630916E02
1.000000E02, 1.608019E02
1.000000E02, 1.585123E02
1.000000E02, 1.562227E02
1.000000E02, 1.539330E02
1.000000E02, 1.516434E02
1.000000E02, 1.493538E02
1.000000E02, 1.470641E02
1.000000E02, 1.447745E02
1.000000E02, 1.424849E02
1.000000E02, 1.401952E02
1.000000E02, 1.379056E02
1.000000E02, 1.356160E02
1.000000E02, 1.333263E02
1.000000E02, 1.310367E02
1.000000E02, 1.287471E02
1.000000E02, 1.264574E02
1.000000E02, 1.241678E02
1.000000E02, 1.218782E02
1.000000E02, 1.195885E02
1.000000E02, 1.172989E02
1.000000E02, 1.150093E02
1.000000E02, 1.127196E02
1.000000E02, 1.104300E02
1.000000E02, 1.058623E02
1.000000E02, 1.012946E02
1.000000E02, 9.672690E01
1.000000E02, 9.215920E01
1.000000E02, 8.759150E01
1.000000E02, 8.302381E01
1.000000E02, 7.845611E01
1.000000E02, 7.388841E01
1.000000E02, 6.932071E01
1.000000E02, 6.475301E01
1.000000E02, 6.018531E01
1.000000E02, 5.561761E01
1.000000E02, 5.104991E01
1.000000E02, 4.648221E01
1.000000E02, 4.191451E01
1.000000E02, 3.734681E01
1.000000E02, 3.277912E01
1.000000E02, 2.821142E01
1.000000E02, 2.364372E01
1.000000E02, 1.907602E01
1.000000E02, 1.450832E01
1.000000E02, 9.940619E00
1.000000E02, 5.372920E00
1.000000E02, 8.052212E-01
1.000000E02, 3.562375E02
1.000000E02, 3.516698E02
1.000000E02, 3.471021E02
1.000000E02, 3.425344E02
1.000000E02, 3.379667E02
1.000000E02, 3.333990E02
1.000000E02, 3.288313E02
1.000000E02, 3.242636E02
1.000000E02, 3.196959E02
1.000000E02, 3.151282E02
1.000000E02, 3.105605E02
1.000000E02, 3.059928E02
1.000000E02, 3.014251E02
1.000000E02, 2.968574E02
1.000000E02, 2.922897E02
1.000000E02, 2.877220E02
1.000000E02, 2.831543E02
1.000000E02, 2.785866E02
1.000000E02, 2.740189E02
1.000000E02, 2.694512E02
1.000000E02, 2.648835E02
1.000000E02, 2.603158E02
1.000000E02, 2.557481E02
1.000000E02, 2.511804E02
1.000000E02, 2.466127E02
1.000000E02, 2.420450E02
1.000000E02, 2.374773E02
1.000000E02, 2.329096E02
1.000000E02, 2.283419E02
1.000000E02, 2.237742E02
1.000000E02, 2.192065E02
1.000000E02, 2.146388E02
1.000000E02, 2.100712E02
1.000000E02, 2.055035E02
1.000000E02, 2.009358E02
1.000000E02, 1.963681E02
1.000000E02, 1.918004E02
1.000000E02, 1.872327E02
1.000000E02, 1.826650E02
1.000000E02, 1.780973E02
1.000000E02, 1.735296E02
1.000000E02, 1.689619E02
1.000000E02, 1.643942E02
1.000000E02, 1.598265E02
1.000000E02, 1.552588E02
1.000000E02, 1.506911E02
1.000000E02, 1.461234E02
1.000000E02, 1.415557E02
1.000000E02, 1.369880E02
1.000000E02, 1.324203E02
1.000000E02, 1.278526E02
1.000000E02, 1.232849E02
1.000000E02, 1.187172E02
1.000000E02, 1.141495E02
1.000000E02, 1.095818E02
1.000000E02, 1.050141E02
1.000000E02, 1.004464E02
1.000000E02, 9.587867E01
1.000000E02, 9.131097E01
1.000000E02, 8.674327E01
1.000000E02, 8.217558E01
1.000000E02, 7.760788E01
1.000000E02, 7.304018E01
1.000000E02, 6.847248E01
1.000000E02, 6.390478E01
1.000000E02, 5.933708E01
1.000000E02, 5.476938E01
1.000000E02, 5.020168E01
1.000000E02, 4.563398E01
1.000000E02, 4.106628E01
1.000000E02, 3.649858E01
1.000000E02, 3.193088E01
1.000000E02, 2.736319E01
1.000000E02, 2.279549E01
1.000000E02, 1.822779E01
1.000000E02, 1.366009E01
1.000000E02, 9.092389E00
1.000000E02, 4.524690E00
1.000000E02, 3.599570E02
1.000000E02, 3.553893E02
1.000000E02, 3.508216E02
1.000000E02, 3.462539E02
1.000000E02, 3.416862E02
1.000000E02, 3.371185E02
1.000000E02, 3.325508E02
1.000000E02, 3.279831E02
1.000000E02, 3.234154E02
1.000000E02, 3.188477E02
1.000000E02, 3.142800E02
1.000000E02, 3.073809E02
1.000000E02, 3.004819E02
1.000000E02, 2.935828E02
1.000000E02, 2.866838E02
1.000000E02, 2.797847E02
1.000000E02, 2.728857E02
1.000000E02, 2.659866E02
1.000000E02, 2.590876E02
1.000000E02, 2.521885E02
1.000000E02, 2.452895E02
1.000000E02, 2.383904E02
1.000000E02, 2.314914E02
1.000000E02, 2.245923E02
1.000000E02, 2.176933E02
1.000000E02, 2.107942E02
1.000000E02, 2.038952E02
1.000000E02, 1.969961E02
1.000000E02, 1.900971E02
1.000000E02, 1.831980E02
1.000000E02, 1.762990E02
1.000000E02, 1.693999E02
1.000000E02, 1.625009E02
1.000000E02, 1.556018E02
1.000000E02, 1.487028E02
1.000000E02, 1.418037E02
1.000000E02, 1.349047E02
1.000000E02, 1.280056E02
1.000000E02, 1.211066E02
1.000000E02, 1.142075E02
1.000000E02, 1.073084E02
1.000000E02, 1.004094E02
1.000000E02, 9.351034E01
1.000000E02, 8.661129E01
1.000000E02, 7.971224E01
1.000000E02, 7.281319E01
1.000000E02, 6.591414E01
1.000000E02, 5.901509E01
1.000000E02, 5.211603E01
1.000000E02, 4.521698E01
1.000000E02, 3.831793E01
1.000000E02, 3.141888E01
1.000000E02, 2.451983E01
1.000000E02, 1.762078E01
1.000000E02, 1.072172E01
1.000000E02, 3.822672E00
1.000000E02, 3.569236E02
1.000000E02, 3.500246E02
1.000000E02, 3.431255E02
1.000000E02, 3.362265E02
1.000000E02, 3.293274E02
1.000000E02, 3.224284E02
1.000000E02, 3.155293E02
1.000000E02, 3.086303E02
1.000000E02, 3.017312E02
1.000000E02, 2.948322E02
1.000000E02, 2.879331E02
1.000000E02, 2.810341E02
1.000000E02, 2.741350E02
1.000000E02, 2.672359E02
1.000000E02, 2.603369E02
1.000000E02, 2.534378E02
1.000000E02, 2.465388E02
1.000000E02, 2.396397E02
1.000000E02, 2.327407E02
1.000000E02, 2.258416E02
1.000000E02, 2.189426E02
1.000000E02, 2.120435E02
1.000000E02, 2.051445E02
1.000000E02, 1.982454E02
1.000000E02, 1.913464E02
1.000000E02, 1.844473E02
1.000000E02, 1.775483E02
1.000000E02, 1.706492E02
1.000000E02, 1.637502E02
1.000000E02, 1.568511E02
1.000000E02, 1.499521E02
1.000000E02, 1.430530E02
1.000000E02, 1.361540E02
1.000000E02, 1.292549E02
1.000000E02, 1.223559E02
1.000000E02, 1.154568E02
1.000000E02, 1.085578E02
1.000000E02, 1.016587E02
1.000000E02, 9.475966E01
1.000000E02, 8.786060E01
1.000000E02, 8.096155E01
1.000000E02, 7.406250E01
1.000000E02, 6.716345E01
1.000000E02, 6.026440E01
1.000000E02, 5.336534E01
1.000000E02, 4.646629E01
1.000000E02, 3.956724E01
1.000000E02, 3.266819E01
1.000000E02, 2.576914E01
1.000000E02, 1.887009E01
1.000000E02, 1.197103E01
1.000000E02, 5.071983E00
1.000000E02, 3.581729E02
1.000000E02, 3.512739E02
1.000000E02, 3.443748E02
1.000000E02, 3.374758E02
1.000000E02, 3.305767E02
1.000000E02, 3.236777E02
1.000000E02, 3.167786E02
1.000000E02, 3.098796E02
1.000000E02, 3.029805E02
1.000000E02, 2.960815E02
1.000000E02, 2.891824E02
1.000000E02, 2.822834E02
1.000000E02, 2.753843E02
1.000000E02, 2.684853E02
1.000000E02, 2.615862E02
1.000000E02, 2.546872E02
1.000000E02, 2.477881E02
1.000000E02, 2.408891E02
1.000000E02, 2.339900E02
1.000000E02, 2.246498E02
1.000000E02, 2.153096E02
1.000000E02, 2.059694E02
1.000000E02, 1.966292E02
1.000000E02, 1.872891E02
1.000000E02, 1.779489E02
1.000000E02, 1.686087E02
1.000000E02, 1.592685E02
1.000000E02, 1.499283E02
1.000000E02, 1.405881E02
1.000000E02, 1.312479E02
1.000000E02, 1.219077E02
1.000000E02, 1.125675E02
1.000000E02, 1.032274E02
1.000000E02, 9.388717E01
1.000000E02, 8.454698E01
1.000000E02, 7.520679E01
1.000000E02, 6.586660E01
1.000000E02, 5.652642E01
1.000000E02, 4.718623E01
1.000000E02, 3.784604E01
1.000000E02, 2.850585E01
1.000000E02, 1.916566E01
1.000000E02, 9.825472E00
1.000000E02, 4.852830E-01
1.000000E02, 3.511451E02
1.000000E02, 3.418049E02
1.000000E02, 3.324647E02
1.000000E02, 3.231245E02
1.000000E02, 3.137843E02
1.000000E02, 3.044442E02
1.000000E02, 2.951040E02
1.000000E02, 2.857638E02
1.000000E02, 2.764236E02
1.000000E02, 2.670834E02
1.000000E02, 2.577432E02
1.000000E02, 2.484030E02
1.000000E02, 2.390628E02
1.000000E02, 2.297226E02
1.000000E02, 2.203825E02
1.000000E02, 2.110423E02
1.000000E02, 2.017021E02
1.000000E02, 1.923619E02
1.000000E02, 1.830217E02
1.000000E02, 1.736815E02
1.000000E02, 1.643413E02
1.000000E02, 1.550011E02
1.000000E02, 1.456609E02
1.000000E02, 1.363208E02
1.000000E02, 1.269806E02
1.000000E02, 1.176404E02
1.000000E02, 1.083002E02
1.000000E02, 9.896000E01
1.000000E02, 8.961981E01
1.000000E02, 8.027962E01
1.000000E02, 7.093943E01
1.000000E02, 6.159925E01
1.000000E02, 5.225906E01
1.000000E02, 4.291887E01
1.000000E02, 3.357868E01
1.000000E02, 2.423849E01
1.000000E02, 1.489830E01
1.000000E02, 5.558113E00
1.000000E02, 3.562179E02
1.000000E02, 3.468777E02
1.000000E02, 3.375375E02
1.000000E02, 3.281974E02
1.000000E02, 3.188572E02
1.000000E02, 3.095170E02
1.000000E02, 3.001768E02
1.000000E02, 2.908366E02
1.000000E02, 2.814964E02
1.000000E02, 2.721562E02
1.000000E02, 2.628160E02
1.000000E02, 2.534758E02
1.000000E02, 2.441357E02
1.000000E02, 2.347955E02
1.000000E02, 2.254553E02
1.000000E02, 2.161151E02
1.000000E02, 2.067749E02
1.000000E02, 1.974347E02
1.000000E02, 1.880945E02
1.000000E02, 1.787543E02
1.000000E02, 1.694142E02
1.000000E02, 1.600740E02
1.000000E02, 1.507338E02
1.000000E02, 1.413936E02
1.000000E02, 1.320534E02
1.000000E02, 1.227132E02
1.000000E02, 1.133730E02
1.000000E02, 1.040328E02
1.000000E02, 9.469264E01
1.000000E02, 8.535245E01
1.000000E02, 7.601226E01
1.000000E02, 6.667208E01
1.000000E02, 5.733189E01
1.000000E02, 4.799170E01
1.000000E02, 3.865151E01
1.000000E02, 2.931132E01
1.000000E02, 1.997113E01
1.000000E02, 1.063094E01
1.000000E02, 1.290755E00
1.000000E02, 3.519506E02
1.000000E02, 3.426104E02
1.000000E02, 3.332702E02
1.000000E02, 3.239300E02
##END=
