##TITLE= Q3: Ca on res. + CO off_res (18035Hz for 600MHz), 768us
##JCAMP-DX= 5.00 Bruker JCAMP library
##DATA TYPE= Shape Data
##ORIGIN= Bruker BioSpin GmbH
##OWNER= <demo>
##DATE= 2005/09/23
##TIME= 18:42:14
##$SHAPE_PARAMETERS= Type: GaussCascadeQ3 Offset Moduleation
##MINX= 1.303407E-03
##MAXX= 9.694631E01
##MINY= 2.312064E-01
##MAXY= 3.597386E02
##$SHAPE_EXMODE= Universal180
##$SHAPE_TOTROT= 1.800000E02
##$SHAPE_TYPE= Refocussing
##$SHAPE_USER_DEF= 
##$SHAPE_REPHFAC= 
##$SHAPE_BWFAC= 3.410000E00
##$SHAPE_BWFAC50= 
##$SHAPE_INTEGFAC= 1.514799E-01
##$SHAPE_MODE= 2
##NPOINTS= 1000
##XYPOINTS= (XY..XY)
3.014793E-02, 1.653326E02
3.137442E-02, 1.628395E02
3.257756E-02, 1.603463E02
3.374889E-02, 1.578531E02
3.487924E-02, 1.553600E02
3.595873E-02, 1.528668E02
3.697674E-02, 1.503737E02
3.792185E-02, 1.478805E02
3.878189E-02, 1.453874E02
3.954387E-02, 1.428942E02
4.019398E-02, 1.404010E02
4.071760E-02, 1.379079E02
4.109927E-02, 1.354147E02
4.132268E-02, 1.329216E02
4.137070E-02, 1.304284E02
4.122535E-02, 1.279352E02
4.086784E-02, 1.254421E02
4.027855E-02, 1.229489E02
3.943708E-02, 1.204558E02
3.832223E-02, 1.179626E02
3.691209E-02, 1.154695E02
3.518400E-02, 1.129763E02
3.311467E-02, 1.104831E02
3.068017E-02, 1.079900E02
2.785601E-02, 1.054968E02
2.461720E-02, 1.030037E02
2.093833E-02, 1.005105E02
1.679361E-02, 9.801734E01
1.215703E-02, 9.552419E01
7.002379E-03, 9.303103E01
1.303407E-03, 9.053787E01
4.966088E-03, 8.804471E01
1.183213E-02, 2.655516E02
1.932042E-02, 2.630584E02
2.745622E-02, 2.605652E02
3.626415E-02, 2.580721E02
4.576808E-02, 2.555789E02
5.599092E-02, 2.530858E02
6.695444E-02, 2.505926E02
7.867908E-02, 2.480994E02
9.118377E-02, 2.456063E02
1.044856E-01, 2.431131E02
1.185999E-01, 2.406200E02
1.335396E-01, 2.381268E02
1.493151E-01, 2.356337E02
1.659344E-01, 2.331405E02
1.834024E-01, 2.306473E02
2.017207E-01, 2.281542E02
2.208876E-01, 2.256610E02
2.408973E-01, 2.231679E02
2.617404E-01, 2.206747E02
2.834028E-01, 2.181815E02
3.058660E-01, 2.156884E02
3.291064E-01, 2.131952E02
3.530953E-01, 2.107021E02
3.777985E-01, 2.082089E02
4.031760E-01, 2.057158E02
4.291817E-01, 2.032226E02
4.557631E-01, 2.007294E02
4.828612E-01, 1.982363E02
5.104100E-01, 1.957431E02
5.383364E-01, 1.932500E02
5.665597E-01, 1.907568E02
5.949918E-01, 1.882636E02
6.235368E-01, 1.857705E02
6.520904E-01, 1.832773E02
6.805405E-01, 1.807842E02
7.087663E-01, 1.782910E02
7.366387E-01, 1.757978E02
7.640198E-01, 1.733047E02
7.907633E-01, 1.708115E02
8.167138E-01, 1.683184E02
8.417075E-01, 1.658252E02
8.655717E-01, 1.633321E02
8.881253E-01, 1.608389E02
9.091783E-01, 1.583457E02
9.285326E-01, 1.558526E02
9.459820E-01, 1.533594E02
9.613121E-01, 1.508663E02
9.743011E-01, 1.483731E02
9.847198E-01, 1.458799E02
9.923322E-01, 1.433868E02
9.968959E-01, 1.408936E02
9.981626E-01, 1.384005E02
9.958784E-01, 1.359073E02
9.897853E-01, 1.334142E02
9.796207E-01, 1.309210E02
9.651192E-01, 1.284278E02
9.460129E-01, 1.259347E02
9.220323E-01, 1.234415E02
8.929073E-01, 1.209484E02
8.583686E-01, 1.184552E02
8.181480E-01, 1.159620E02
7.719804E-01, 1.134689E02
7.196042E-01, 1.109757E02
6.607633E-01, 1.084826E02
5.952079E-01, 1.059894E02
5.226962E-01, 1.034963E02
4.429955E-01, 1.010031E02
3.558842E-01, 9.850994E01
2.611528E-01, 9.601678E01
1.586058E-01, 9.352362E01
4.806323E-02, 9.103046E01
7.063756E-02, 8.853731E01
1.976404E-01, 2.660441E02
3.330685E-01, 2.635510E02
4.770226E-01, 2.610578E02
6.295795E-01, 2.585647E02
7.907899E-01, 2.560715E02
9.606768E-01, 2.535784E02
1.139234E00, 2.510852E02
1.326424E00, 2.485920E02
1.522176E00, 2.460989E02
1.726386E00, 2.436057E02
1.938912E00, 2.411126E02
2.159574E00, 2.386194E02
2.388154E00, 2.361262E02
2.624394E00, 2.336331E02
2.867989E00, 2.311399E02
3.118596E00, 2.286468E02
3.375823E00, 2.261536E02
3.639234E00, 2.236605E02
3.908346E00, 2.211673E02
4.182626E00, 2.186741E02
4.461494E00, 2.161810E02
4.744321E00, 2.136878E02
5.030427E00, 2.111947E02
5.319083E00, 2.087015E02
5.609510E00, 2.062083E02
5.900877E00, 2.037152E02
6.192307E00, 2.012220E02
6.482869E00, 1.987289E02
6.771586E00, 1.962357E02
7.057435E00, 1.937426E02
7.339343E00, 1.912494E02
7.616195E00, 1.887562E02
7.886829E00, 1.862631E02
8.150044E00, 1.837699E02
8.404600E00, 1.812768E02
8.649216E00, 1.787836E02
8.882582E00, 1.762904E02
9.103351E00, 1.737973E02
9.310152E00, 1.713041E02
9.501584E00, 1.688110E02
9.676230E00, 1.663178E02
9.832650E00, 1.638247E02
9.969395E00, 1.613315E02
1.008501E01, 1.588383E02
1.017802E01, 1.563452E02
1.024696E01, 1.538520E02
1.029039E01, 1.513589E02
1.030685E01, 1.488657E02
1.029491E01, 1.463725E02
1.025317E01, 1.438794E02
1.018023E01, 1.413862E02
1.007477E01, 1.388931E02
9.935462E00, 1.363999E02
9.761058E00, 1.339068E02
9.550348E00, 1.314136E02
9.302185E00, 1.289204E02
9.015489E00, 1.264273E02
8.689249E00, 1.239341E02
8.322538E00, 1.214410E02
7.914510E00, 1.189478E02
7.464415E00, 1.164546E02
6.971599E00, 1.139615E02
6.435516E00, 1.114683E02
5.855729E00, 1.089752E02
5.231920E00, 1.064820E02
4.563893E00, 1.039889E02
3.851583E00, 1.014957E02
3.095059E00, 9.900253E01
2.294529E00, 9.650938E01
1.450349E00, 9.401622E01
5.630205E-01, 9.152306E01
3.667982E-01, 8.902990E01
1.338293E00, 2.665367E02
2.350487E00, 2.640436E02
3.402241E00, 2.615504E02
4.492248E00, 2.590573E02
5.619033E00, 2.565641E02
6.780952E00, 2.540710E02
7.976188E00, 2.515778E02
9.202754E00, 2.490846E02
1.045849E01, 2.465915E02
1.174107E01, 2.440983E02
1.304800E01, 2.416052E02
1.437661E01, 2.391120E02
1.572407E01, 2.366188E02
1.708740E01, 2.341257E02
1.846345E01, 2.316325E02
1.984893E01, 2.291394E02
2.124040E01, 2.266462E02
2.263428E01, 2.241530E02
2.402685E01, 2.216599E02
2.541427E01, 2.191667E02
2.679260E01, 2.166736E02
2.815777E01, 2.141804E02
2.950563E01, 2.116873E02
3.083192E01, 2.091941E02
3.213232E01, 2.067009E02
3.340245E01, 2.042078E02
3.463787E01, 2.017146E02
3.583409E01, 1.992215E02
3.698660E01, 1.967283E02
3.809089E01, 1.942351E02
3.914243E01, 1.917420E02
4.013671E01, 1.892488E02
4.106927E01, 1.867557E02
4.193567E01, 1.842625E02
4.273155E01, 1.817694E02
4.345260E01, 1.792762E02
4.409463E01, 1.767830E02
4.465356E01, 1.742899E02
4.512540E01, 1.717967E02
4.550635E01, 1.693036E02
4.579271E01, 1.668104E02
4.598100E01, 1.643172E02
4.606791E01, 1.618241E02
4.605033E01, 1.593309E02
4.592538E01, 1.568378E02
4.569039E01, 1.543446E02
4.534296E01, 1.518515E02
4.488094E01, 1.493583E02
4.430246E01, 1.468651E02
4.360594E01, 1.443720E02
4.279010E01, 1.418788E02
4.185394E01, 1.393857E02
4.079683E01, 1.368925E02
3.961844E01, 1.343993E02
3.831877E01, 1.319062E02
3.689819E01, 1.294130E02
3.535741E01, 1.269199E02
3.369750E01, 1.244267E02
3.191990E01, 1.219336E02
3.002640E01, 1.194404E02
2.801917E01, 1.169472E02
2.590075E01, 1.144541E02
2.367405E01, 1.119609E02
2.134233E01, 1.094678E02
1.890923E01, 1.069746E02
1.637875E01, 1.044814E02
1.375524E01, 1.019883E02
1.104339E01, 9.949513E01
8.248259E00, 9.700197E01
5.375201E00, 9.450881E01
2.429907E00, 9.201565E01
5.816245E-01, 8.952250E01
3.653103E00, 2.670293E02
6.777958E00, 2.645362E02
9.949352E00, 2.620430E02
1.316020E01, 2.595499E02
1.640319E01, 2.570567E02
1.967080E01, 2.545635E02
2.295531E01, 2.520704E02
2.624882E01, 2.495772E02
2.954332E01, 2.470841E02
3.283063E01, 2.445909E02
3.610248E01, 2.420978E02
3.935055E01, 2.396046E02
4.256642E01, 2.371114E02
4.574166E01, 2.346183E02
4.886786E01, 2.321251E02
5.193660E01, 2.296320E02
5.493951E01, 2.271388E02
5.786832E01, 2.246456E02
6.071484E01, 2.221525E02
6.347101E01, 2.196593E02
6.612893E01, 2.171662E02
6.868087E01, 2.146730E02
7.111932E01, 2.121799E02
7.343699E01, 2.096867E02
7.562684E01, 2.071935E02
7.768214E01, 2.047004E02
7.959642E01, 2.022072E02
8.136356E01, 1.997141E02
8.297780E01, 1.972209E02
8.443372E01, 1.947277E02
8.572632E01, 1.922346E02
8.685098E01, 1.897414E02
8.780352E01, 1.872483E02
8.858021E01, 1.847551E02
8.917775E01, 1.822620E02
8.959333E01, 1.797688E02
8.982462E01, 1.772756E02
8.986979E01, 1.747825E02
8.972749E01, 1.722893E02
8.939690E01, 1.697962E02
8.887771E01, 1.673030E02
8.817012E01, 1.648098E02
8.727487E01, 1.623167E02
8.619320E01, 1.598235E02
8.492689E01, 1.573304E02
8.347823E01, 1.548372E02
8.185003E01, 1.523441E02
8.004559E01, 1.498509E02
7.806873E01, 1.473577E02
7.592375E01, 1.448646E02
7.361544E01, 1.423714E02
7.114904E01, 1.398783E02
6.853025E01, 1.373851E02
6.576521E01, 1.348919E02
6.286046E01, 1.323988E02
5.982296E01, 1.299056E02
5.666003E01, 1.274125E02
5.337936E01, 1.249193E02
4.998896E01, 1.224262E02
4.649717E01, 1.199330E02
4.291260E01, 1.174398E02
3.924411E01, 1.149467E02
3.550081E01, 1.124535E02
3.169200E01, 1.099604E02
2.782717E01, 1.074672E02
2.391593E01, 1.049740E02
1.996804E01, 1.024809E02
1.599332E01, 9.998772E01
1.200165E01, 9.749457E01
8.002954E00, 9.500141E01
4.007129E00, 9.250825E01
2.405094E-02, 9.001509E01
3.936476E00, 8.752193E01
7.864739E00, 2.650288E02
1.175115E01, 2.625356E02
1.558629E01, 2.600425E02
1.936089E01, 2.575493E02
2.306592E01, 2.550561E02
2.669258E01, 2.525630E02
3.023234E01, 2.500698E02
3.367694E01, 2.475767E02
3.701846E01, 2.450835E02
4.024930E01, 2.425903E02
4.336221E01, 2.400972E02
4.635036E01, 2.376040E02
4.920727E01, 2.351109E02
5.192692E01, 2.326177E02
5.450369E01, 2.301246E02
5.693244E01, 2.276314E02
5.920847E01, 2.251382E02
6.132756E01, 2.226451E02
6.328599E01, 2.201519E02
6.508052E01, 2.176588E02
6.670841E01, 2.151656E02
6.816743E01, 2.126724E02
6.945588E01, 2.101793E02
7.057254E01, 2.076861E02
7.151672E01, 2.051930E02
7.228824E01, 2.026998E02
7.288742E01, 2.002067E02
7.331510E01, 1.977135E02
7.357262E01, 1.952203E02
7.366177E01, 1.927272E02
7.358487E01, 1.902340E02
7.334468E01, 1.877409E02
7.294442E01, 1.852477E02
7.238776E01, 1.827545E02
7.167880E01, 1.802614E02
7.082203E01, 1.777682E02
6.982236E01, 1.752751E02
6.868506E01, 1.727819E02
6.741576E01, 1.702888E02
6.602041E01, 1.677956E02
6.450529E01, 1.653024E02
6.287697E01, 1.628093E02
6.114227E01, 1.603161E02
5.930825E01, 1.578230E02
5.738220E01, 1.553298E02
5.537160E01, 1.528366E02
5.328409E01, 1.503435E02
5.112745E01, 1.478503E02
4.890957E01, 1.453572E02
4.663843E01, 1.428640E02
4.432207E01, 1.403709E02
4.196858E01, 1.378777E02
3.958601E01, 1.353845E02
3.718245E01, 1.328914E02
3.476590E01, 1.303982E02
3.234431E01, 1.279051E02
2.992554E01, 1.254119E02
2.751730E01, 1.229187E02
2.512719E01, 1.204256E02
2.276262E01, 1.179324E02
2.043081E01, 1.154393E02
1.813879E01, 1.129461E02
1.589333E01, 1.104530E02
1.370096E01, 1.079598E02
1.156792E01, 1.054666E02
9.500190E00, 1.029735E02
7.503411E00, 1.004803E02
5.582916E00, 9.798716E01
3.743695E00, 9.549400E01
1.990384E00, 9.300084E01
3.272564E-01, 9.050769E01
1.241793E00, 8.801453E01
2.713254E00, 2.655214E02
4.084014E00, 2.630282E02
5.351358E00, 2.605351E02
6.512984E00, 2.580419E02
7.567000E00, 2.555487E02
8.511930E00, 2.530556E02
9.346719E00, 2.505624E02
1.007073E01, 2.480693E02
1.068373E01, 2.455761E02
1.118594E01, 2.430829E02
1.157795E01, 2.405898E02
1.186078E01, 2.380966E02
1.203585E01, 2.356035E02
1.210498E01, 2.331103E02
1.207036E01, 2.306172E02
1.193459E01, 2.281240E02
1.170061E01, 2.256308E02
1.137172E01, 2.231377E02
1.095156E01, 2.206445E02
1.044411E01, 2.181514E02
9.853669E00, 2.156582E02
9.184813E00, 2.131650E02
8.442416E00, 2.106719E02
7.631612E00, 2.081787E02
6.757783E00, 2.056856E02
5.826538E00, 2.031924E02
4.843693E00, 2.006993E02
3.815253E00, 1.982061E02
2.747391E00, 1.957129E02
1.646424E00, 1.932198E02
5.187945E-01, 1.907266E02
6.289533E-01, 1.882335E02
1.790195E00, 5.740301E00
2.958248E00, 3.247142E00
4.126397E00, 7.539840E-01
5.287913E00, 3.582608E02
6.436079E00, 3.557677E02
7.564212E00, 3.532745E02
8.665686E00, 3.507814E02
9.733955E00, 3.482882E02
1.076257E01, 3.457950E02
1.174522E01, 3.433019E02
1.267572E01, 3.408087E02
1.354807E01, 3.383156E02
1.435645E01, 3.358224E02
1.509524E01, 3.333292E02
1.575907E01, 3.308361E02
1.634281E01, 3.283429E02
1.684158E01, 3.258498E02
1.725080E01, 3.233566E02
1.756619E01, 3.208634E02
1.778379E01, 3.183703E02
1.789996E01, 3.158771E02
1.791142E01, 3.133840E02
1.781524E01, 3.108908E02
1.760886E01, 3.083977E02
1.729011E01, 3.059045E02
1.685721E01, 3.034113E02
1.630879E01, 3.009182E02
1.564387E01, 2.984250E02
1.486190E01, 2.959319E02
1.396274E01, 2.934387E02
1.294669E01, 2.909455E02
1.181445E01, 2.884524E02
1.056718E01, 2.859592E02
9.206435E00, 2.834661E02
7.734219E00, 2.809729E02
6.152947E00, 2.784798E02
4.465456E00, 2.759866E02
2.674995E00, 2.734934E02
7.852171E-01, 2.710003E02
1.199825E00, 2.685071E02
3.275691E00, 8.601396E01
5.437565E00, 8.352081E01
7.680265E00, 8.102765E01
9.998260E00, 7.853449E01
1.238568E01, 7.604133E01
1.483634E01, 7.354817E01
1.734374E01, 7.105501E01
1.990110E01, 6.856186E01
2.250138E01, 6.606870E01
2.513729E01, 6.357554E01
2.780131E01, 6.108238E01
3.048573E01, 5.858922E01
3.318263E01, 5.609606E01
3.588397E01, 5.360291E01
3.858155E01, 5.110975E01
4.126708E01, 4.861659E01
4.393218E01, 4.612343E01
4.656842E01, 4.363027E01
4.916733E01, 4.113711E01
5.172044E01, 3.864396E01
5.421930E01, 3.615080E01
5.665554E01, 3.365764E01
5.902082E01, 3.116448E01
6.130695E01, 2.867132E01
6.350583E01, 2.617816E01
6.560956E01, 2.368500E01
6.761039E01, 2.119185E01
6.950080E01, 1.869869E01
7.127351E01, 1.620553E01
7.292149E01, 1.371237E01
7.443799E01, 1.121921E01
7.581660E01, 8.726054E00
7.705120E01, 6.232896E00
7.813606E01, 3.739738E00
7.906581E01, 1.246579E00
7.983548E01, 3.587534E02
8.044050E01, 3.562603E02
8.087675E01, 3.537671E02
8.114054E01, 3.512739E02
8.122867E01, 3.487808E02
8.113838E01, 3.462876E02
8.086742E01, 3.437945E02
8.041405E01, 3.413013E02
7.977700E01, 3.388082E02
7.895555E01, 3.363150E02
7.794949E01, 3.338218E02
7.675914E01, 3.313287E02
7.538532E01, 3.288355E02
7.382942E01, 3.263424E02
7.209333E01, 3.238492E02
7.017948E01, 3.213560E02
6.809082E01, 3.188629E02
6.583079E01, 3.163697E02
6.340337E01, 3.138766E02
6.081302E01, 3.113834E02
5.806470E01, 3.088903E02
5.516384E01, 3.063971E02
5.211631E01, 3.039039E02
4.892845E01, 3.014108E02
4.560703E01, 2.989176E02
4.215920E01, 2.964245E02
3.859253E01, 2.939313E02
3.491494E01, 2.914381E02
3.113470E01, 2.889450E02
2.726040E01, 2.864518E02
2.330093E01, 2.839587E02
1.926545E01, 2.814655E02
1.516337E01, 2.789724E02
1.100429E01, 2.764792E02
6.798037E00, 2.739860E02
2.554571E00, 2.714929E02
1.716007E00, 2.689997E02
6.003500E00, 8.650656E01
1.029764E01, 8.401340E01
1.458811E01, 8.152024E01
1.886460E01, 7.902708E01
2.311681E01, 7.653393E01
2.733450E01, 7.404077E01
3.150750E01, 7.154761E01
3.562576E01, 6.905445E01
3.967937E01, 6.656129E01
4.365858E01, 6.406813E01
4.755387E01, 6.157498E01
5.135591E01, 5.908182E01
5.505565E01, 5.658866E01
5.864430E01, 5.409550E01
6.211339E01, 5.160234E01
6.545477E01, 4.910918E01
6.866065E01, 4.661603E01
7.172360E01, 4.412287E01
7.463660E01, 4.162971E01
7.739304E01, 3.913655E01
7.998672E01, 3.664339E01
8.241192E01, 3.415023E01
8.466336E01, 3.165708E01
8.673624E01, 2.916392E01
8.862625E01, 2.667076E01
9.032957E01, 2.417760E01
9.184289E01, 2.168444E01
9.316341E01, 1.919128E01
9.428885E01, 1.669812E01
9.521744E01, 1.420497E01
9.594795E01, 1.171181E01
9.647964E01, 9.218650E00
9.681232E01, 6.725491E00
9.694631E01, 4.232333E00
9.688244E01, 1.739174E00
9.662203E01, 3.592460E02
9.616692E01, 3.567529E02
9.551941E01, 3.542597E02
9.468232E01, 3.517665E02
9.365889E01, 3.492734E02
9.245283E01, 3.467802E02
9.106828E01, 3.442871E02
8.950982E01, 3.417939E02
8.778239E01, 3.393007E02
8.589135E01, 3.368076E02
8.384242E01, 3.343144E02
8.164164E01, 3.318213E02
7.929539E01, 3.293281E02
7.681035E01, 3.268350E02
7.419348E01, 3.243418E02
7.145199E01, 3.218486E02
6.859332E01, 3.193555E02
6.562512E01, 3.168623E02
6.255522E01, 3.143692E02
5.939161E01, 3.118760E02
5.614243E01, 3.093828E02
5.281589E01, 3.068897E02
4.942033E01, 3.043965E02
4.596412E01, 3.019034E02
4.245567E01, 2.994102E02
3.890342E01, 2.969171E02
3.531578E01, 2.944239E02
3.170113E01, 2.919307E02
2.806779E01, 2.894376E02
2.442401E01, 2.869444E02
2.077794E01, 2.844513E02
1.713760E01, 2.819581E02
1.351086E01, 2.794649E02
9.905469E00, 2.769718E02
6.328956E00, 2.744786E02
2.788678E00, 2.719855E02
7.082245E-01, 2.694923E02
4.154836E00, 8.699916E01
7.544481E00, 8.450600E01
1.087074E01, 8.201284E01
1.412745E01, 7.951968E01
1.730873E01, 7.702652E01
2.040898E01, 7.453336E01
2.342290E01, 7.204020E01
2.634549E01, 6.954705E01
2.917205E01, 6.705389E01
3.189820E01, 6.456073E01
3.451987E01, 6.206757E01
3.703331E01, 5.957441E01
3.943511E01, 5.708125E01
4.172215E01, 5.458810E01
4.389166E01, 5.209494E01
4.594118E01, 4.960178E01
4.786856E01, 4.710862E01
4.967198E01, 4.461546E01
5.134992E01, 4.212230E01
5.290118E01, 3.962915E01
5.432485E01, 3.713599E01
5.562033E01, 3.464283E01
5.678728E01, 3.214967E01
5.782567E01, 2.965651E01
5.873573E01, 2.716335E01
5.951795E01, 2.467020E01
6.017308E01, 2.217704E01
6.070212E01, 1.968388E01
6.110629E01, 1.719072E01
6.138704E01, 1.469756E01
6.154603E01, 1.220440E01
6.158515E01, 9.711245E00
6.150644E01, 7.218086E00
6.131214E01, 4.724928E00
6.100466E01, 2.231770E00
6.058657E01, 3.597386E02
6.006058E01, 3.572455E02
5.942954E01, 3.547523E02
5.869642E01, 3.522591E02
5.786431E01, 3.497660E02
5.693640E01, 3.472728E02
5.591596E01, 3.447797E02
5.480636E01, 3.422865E02
5.361104E01, 3.397933E02
5.233349E01, 3.373002E02
5.097727E01, 3.348070E02
4.954597E01, 3.323139E02
4.804322E01, 3.298207E02
4.647269E01, 3.273276E02
4.483805E01, 3.248344E02
4.314300E01, 3.223412E02
4.139123E01, 3.198481E02
3.958645E01, 3.173549E02
3.773235E01, 3.148618E02
3.583262E01, 3.123686E02
3.389091E01, 3.098754E02
3.191087E01, 3.073823E02
2.989613E01, 3.048891E02
2.785027E01, 3.023960E02
2.577685E01, 2.999028E02
2.367940E01, 2.974097E02
2.156140E01, 2.949165E02
1.942629E01, 2.924233E02
1.727747E01, 2.899302E02
1.511831E01, 2.874370E02
1.295213E01, 2.849439E02
1.078218E01, 2.824507E02
8.611685E00, 2.799575E02
6.443828E00, 2.774644E02
4.281731E00, 2.749712E02
2.128471E00, 2.724781E02
1.292025E-02, 2.699849E02
2.139462E00, 8.749175E01
4.248220E00, 8.499859E01
6.336307E00, 8.250543E01
8.400886E00, 8.001228E01
1.043917E01, 7.751912E01
1.244840E01, 7.502596E01
1.442590E01, 7.253280E01
1.636900E01, 7.003964E01
1.827511E01, 6.754648E01
2.014167E01, 6.505332E01
2.196618E01, 6.256017E01
2.374617E01, 6.006701E01
2.547922E01, 5.757385E01
2.716299E01, 5.508069E01
2.879514E01, 5.258753E01
3.037342E01, 5.009437E01
3.189562E01, 4.760122E01
3.335958E01, 4.510806E01
3.476319E01, 4.261490E01
3.610442E01, 4.012174E01
3.738127E01, 3.762858E01
3.859182E01, 3.513542E01
3.973420E01, 3.264227E01
4.080663E01, 3.014911E01
4.180737E01, 2.765595E01
4.273477E01, 2.516279E01
4.358726E01, 2.266963E01
4.436333E01, 2.017647E01
4.506158E01, 1.768332E01
4.568066E01, 1.519016E01
4.621935E01, 1.269700E01
4.667649E01, 1.020384E01
4.705104E01, 7.710682E00
4.734206E01, 5.217523E00
4.754870E01, 2.724365E00
4.767024E01, 2.312064E-01
4.770606E01, 3.577380E02
4.765568E01, 3.552449E02
4.751871E01, 3.527517E02
4.729491E01, 3.502586E02
4.698416E01, 3.477654E02
4.658649E01, 3.452723E02
4.610205E01, 3.427791E02
4.553113E01, 3.402859E02
4.487418E01, 3.377928E02
4.413179E01, 3.352996E02
4.330469E01, 3.328065E02
4.239378E01, 3.303133E02
4.140009E01, 3.278201E02
4.032484E01, 3.253270E02
3.916937E01, 3.228338E02
3.793520E01, 3.203407E02
3.662400E01, 3.178475E02
3.523762E01, 3.153544E02
3.377805E01, 3.128612E02
3.224743E01, 3.103680E02
3.064808E01, 3.078749E02
2.898246E01, 3.053817E02
2.725320E01, 3.028886E02
2.546306E01, 3.003954E02
2.361497E01, 2.979022E02
2.171200E01, 2.954091E02
1.975735E01, 2.929159E02
1.775437E01, 2.904228E02
1.570655E01, 2.879296E02
1.361747E01, 2.854365E02
1.149088E01, 2.829433E02
9.330623E00, 2.804501E02
7.140643E00, 2.779570E02
4.924999E00, 2.754638E02
2.687838E00, 2.729707E02
4.333970E-01, 2.704775E02
1.834012E00, 2.679843E02
4.110005E00, 8.549119E01
6.390140E00, 8.299803E01
8.669922E00, 8.050487E01
1.094482E01, 7.801171E01
1.321026E01, 7.551855E01
1.546165E01, 7.302540E01
1.769440E01, 7.053224E01
1.990392E01, 6.803908E01
2.208560E01, 6.554592E01
2.423488E01, 6.305276E01
2.634723E01, 6.055960E01
2.841816E01, 5.806644E01
3.044322E01, 5.557329E01
3.241806E01, 5.308013E01
3.433837E01, 5.058697E01
3.619995E01, 4.809381E01
3.799869E01, 4.560065E01
3.973059E01, 4.310749E01
4.139179E01, 4.061434E01
4.297852E01, 3.812118E01
4.448718E01, 3.562802E01
4.591432E01, 3.313486E01
4.725664E01, 3.064170E01
4.851102E01, 2.814854E01
4.967450E01, 2.565539E01
5.074433E01, 2.316223E01
5.171794E01, 2.066907E01
5.259296E01, 1.817591E01
5.336724E01, 1.568275E01
5.403884E01, 1.318959E01
5.460605E01, 1.069644E01
5.506736E01, 8.203277E00
5.542154E01, 5.710118E00
5.566755E01, 3.216960E00
5.580461E01, 7.238016E-01
5.583220E01, 3.582306E02
5.575001E01, 3.557375E02
5.555801E01, 3.532443E02
5.525640E01, 3.507512E02
5.484564E01, 3.482580E02
5.432643E01, 3.457649E02
5.369973E01, 3.432717E02
5.296674E01, 3.407785E02
5.212890E01, 3.382854E02
5.118790E01, 3.357922E02
5.014567E01, 3.332991E02
4.900436E01, 3.308059E02
4.776637E01, 3.283127E02
4.643431E01, 3.258196E02
4.501100E01, 3.233264E02
4.349950E01, 3.208333E02
4.190304E01, 3.183401E02
4.022507E01, 3.158470E02
3.846922E01, 3.133538E02
3.663931E01, 3.108606E02
3.473930E01, 3.083675E02
3.277333E01, 3.058743E02
3.074571E01, 3.033812E02
2.866085E01, 3.008880E02
2.652330E01, 2.983948E02
2.433775E01, 2.959017E02
2.210897E01, 2.934085E02
1.984182E01, 2.909154E02
1.754126E01, 2.884222E02
1.521231E01, 2.859290E02
1.286005E01, 2.834359E02
1.048958E01, 2.809427E02
8.106061E00, 2.784496E02
5.714654E00, 2.759564E02
3.320529E00, 2.734633E02
9.288471E-01, 2.709701E02
1.455253E00, 2.684769E02
3.826666E00, 8.598378E01
6.180332E00, 8.349062E01
8.511255E00, 8.099747E01
1.081450E01, 7.850431E01
1.308524E01, 7.601115E01
1.531871E01, 7.351799E01
1.751027E01, 7.102483E01
1.965541E01, 6.853167E01
2.174973E01, 6.603852E01
2.378896E01, 6.354536E01
2.576902E01, 6.105220E01
2.768594E01, 5.855904E01
2.953596E01, 5.606588E01
3.131548E01, 5.357272E01
3.302107E01, 5.107956E01
3.464951E01, 4.858641E01
3.619778E01, 4.609325E01
3.766306E01, 4.360009E01
3.904275E01, 4.110693E01
4.033444E01, 3.861377E01
4.153598E01, 3.612061E01
4.264543E01, 3.362746E01
4.366106E01, 3.113430E01
4.458141E01, 2.864114E01
4.540521E01, 2.614798E01
4.613146E01, 2.365482E01
4.675938E01, 2.116166E01
4.728843E01, 1.866851E01
4.771831E01, 1.617535E01
4.804896E01, 1.368219E01
4.828052E01, 1.118903E01
4.841341E01, 8.695872E00
4.844824E01, 6.202714E00
4.838586E01, 3.709555E00
4.822733E01, 1.216397E00
4.797396E01, 3.587232E02
4.762721E01, 3.562301E02
4.718881E01, 3.537369E02
4.666064E01, 3.512438E02
4.604480E01, 3.487506E02
4.534356E01, 3.462574E02
4.455937E01, 3.437643E02
4.369486E01, 3.412711E02
4.275281E01, 3.387780E02
4.173616E01, 3.362848E02
4.064798E01, 3.337917E02
3.949149E01, 3.312985E02
3.827004E01, 3.288053E02
3.698706E01, 3.263122E02
3.564612E01, 3.238190E02
3.425087E01, 3.213259E02
3.280505E01, 3.188327E02
3.131248E01, 3.163395E02
2.977701E01, 3.138464E02
2.820259E01, 3.113532E02
2.659318E01, 3.088601E02
2.495279E01, 3.063669E02
2.328543E01, 3.038738E02
2.159514E01, 3.013806E02
1.988595E01, 2.988874E02
1.816190E01, 2.963943E02
1.642697E01, 2.939011E02
1.468515E01, 2.914080E02
1.294038E01, 2.889148E02
1.119654E01, 2.864216E02
9.457451E00, 2.839285E02
7.726887E00, 2.814353E02
6.008531E00, 2.789422E02
4.305985E00, 2.764490E02
2.622761E00, 2.739559E02
9.622699E-01, 2.714627E02
6.721817E-01, 2.689695E02
2.277402E00, 8.647638E01
3.850317E00, 8.398322E01
5.387981E00, 8.149006E01
6.887577E00, 7.899690E01
8.346426E00, 7.650374E01
9.761988E00, 7.401059E01
1.113187E01, 7.151743E01
1.245383E01, 6.902427E01
1.372576E01, 6.653111E01
1.494575E01, 6.403795E01
1.611199E01, 6.154479E01
1.722288E01, 5.905164E01
1.827696E01, 5.655848E01
1.927291E01, 5.406532E01
2.020961E01, 5.157216E01
2.108609E01, 4.907900E01
2.190152E01, 4.658584E01
2.265527E01, 4.409268E01
2.334683E01, 4.159953E01
2.397588E01, 3.910637E01
2.454223E01, 3.661321E01
2.504587E01, 3.412005E01
2.548693E01, 3.162689E01
2.586567E01, 2.913373E01
2.618252E01, 2.664058E01
2.643804E01, 2.414742E01
2.663292E01, 2.165426E01
2.676800E01, 1.916110E01
2.684423E01, 1.666794E01
2.686269E01, 1.417478E01
2.682458E01, 1.168163E01
2.673119E01, 9.188467E00
2.658396E01, 6.695309E00
2.638438E01, 4.202150E00
2.613407E01, 1.708992E00
2.583472E01, 3.592158E02
2.548811E01, 3.567227E02
2.509609E01, 3.542295E02
2.466059E01, 3.517364E02
2.418359E01, 3.492432E02
2.366714E01, 3.467500E02
2.311332E01, 3.442569E02
2.252428E01, 3.417637E02
2.190218E01, 3.392706E02
2.124922E01, 3.367774E02
2.056765E01, 3.342842E02
1.985969E01, 3.317911E02
1.912760E01, 3.292979E02
1.837366E01, 3.268048E02
1.760011E01, 3.243116E02
1.680922E01, 3.218185E02
1.600322E01, 3.193253E02
1.518435E01, 3.168321E02
1.435480E01, 3.143390E02
1.351675E01, 3.118458E02
1.267235E01, 3.093527E02
1.182369E01, 3.068595E02
1.097283E01, 3.043663E02
1.012180E01, 3.018732E02
9.272551E00, 2.993800E02
8.426995E00, 2.968869E02
7.586983E00, 2.943937E02
6.754303E00, 2.919006E02
5.930680E00, 2.894074E02
5.117771E00, 2.869142E02
4.317161E00, 2.844211E02
3.530365E00, 2.819279E02
2.758821E00, 2.794348E02
2.003892E00, 2.769416E02
1.266863E00, 2.744484E02
5.489397E-01, 2.719553E02
1.487538E-01, 2.694621E02
8.251734E-01, 8.696897E01
1.479357E00, 8.447581E01
2.110425E00, 8.198266E01
2.717579E00, 7.948950E01
3.300104E00, 7.699634E01
3.857364E00, 7.450318E01
4.388808E00, 7.201002E01
4.893961E00, 6.951686E01
5.372429E00, 6.702371E01
5.823898E00, 6.453055E01
6.248127E00, 6.203739E01
6.644953E00, 5.954423E01
7.014283E00, 5.705107E01
7.356100E00, 5.455791E01
7.670453E00, 5.206476E01
7.957459E00, 4.957160E01
8.217301E00, 4.707844E01
8.450223E00, 4.458528E01
8.656530E00, 4.209212E01
8.836585E00, 3.959896E01
8.990805E00, 3.710580E01
9.119659E00, 3.461265E01
9.223665E00, 3.211949E01
9.303389E00, 2.962633E01
9.359438E00, 2.713317E01
9.392461E00, 2.464001E01
9.403144E00, 2.214685E01
9.392206E00, 1.965370E01
9.360401E00, 1.716054E01
9.308508E00, 1.466738E01
##END
