##TITLE= mod. Reburp: P. Lundstrom et al, J.Biomol.NMR. 42, 35-47 (2008)
##JCAMPDX= 5.0
##DATATYPE= 
##ORIGIN= Bruker BioSpin GmbH
##OWNER= 
##$SHAPE_PARAMETERS= 
##MINX= 0.01270000
##MAXX= 100.00000000
##MINY= 0.00000000
##MAXY= 180.00000000
##$SHAPE_EXMODE= Refocussing
##$SHAPE_TOTROT= 180.00000000
##$SHAPE_TYPE= Refocussing
##$SHAPE_USER_DEF= 
##$SHAPE_REPHFAC= 
##$SHAPE_BWFAC= 4.21600000
##$SHAPE_BWFAC50= 
##$SHAPE_INTEGFAC= 0.06416019
##$SHAPE_MODE= 0
##NPOINTS= 1000
##XYPOINTS= (XY..XY)
6.881230, 180.000000
6.854220, 180.000000
6.773470, 180.000000
6.639860, 180.000000
6.454860, 180.000000
6.220500, 180.000000
5.939320, 180.000000
5.614380, 180.000000
5.249230, 180.000000
4.847820, 180.000000
4.414500, 180.000000
3.953930, 180.000000
3.471070, 180.000000
2.971090, 180.000000
2.459320, 180.000000
1.941170, 180.000000
1.422110, 180.000000
0.907570, 180.000000
0.402900, 180.000000
0.086720, 0.000000
0.556300, 0.000000
1.001110, 0.000000
1.416730, 0.000000
1.799130, 0.000000
2.144650, 0.000000
2.450080, 0.000000
2.712690, 0.000000
2.930240, 0.000000
3.101000, 0.000000
3.223800, 0.000000
3.297960, 0.000000
3.323390, 0.000000
3.300480, 0.000000
3.230170, 0.000000
3.113880, 0.000000
2.953530, 0.000000
2.751460, 0.000000
2.510440, 0.000000
2.233580, 0.000000
1.924360, 0.000000
1.586510, 0.000000
1.224000, 0.000000
0.841010, 0.000000
0.441820, 0.000000
0.030800, 0.000000
0.387650, 180.000000
0.809160, 180.000000
1.229430, 180.000000
1.644280, 180.000000
2.049700, 180.000000
2.441890, 180.000000
2.817310, 180.000000
3.172670, 180.000000
3.505020, 180.000000
3.811750, 180.000000
4.090580, 180.000000
4.339640, 180.000000
4.557410, 180.000000
4.742770, 180.000000
4.894980, 180.000000
5.013700, 180.000000
5.098950, 180.000000
5.151080, 180.000000
5.170820, 180.000000
5.159180, 180.000000
5.117470, 180.000000
5.047260, 180.000000
4.950340, 180.000000
4.828680, 180.000000
4.684440, 180.000000
4.519860, 180.000000
4.337290, 180.000000
4.139120, 180.000000
3.927750, 180.000000
3.705560, 180.000000
3.474890, 180.000000
3.237980, 180.000000
2.996950, 180.000000
2.753820, 180.000000
2.510420, 180.000000
2.268420, 180.000000
2.029310, 180.000000
1.794360, 180.000000
1.564660, 180.000000
1.341080, 180.000000
1.124280, 180.000000
0.914720, 180.000000
0.712690, 180.000000
0.518270, 180.000000
0.331390, 180.000000
0.151810, 180.000000
0.020810, 0.000000
0.186940, 0.000000
0.347140, 0.000000
0.502030, 0.000000
0.652260, 0.000000
0.798510, 0.000000
0.941450, 0.000000
1.081720, 0.000000
1.219910, 0.000000
1.356550, 0.000000
1.492050, 0.000000
1.626770, 0.000000
1.760900, 0.000000
1.894550, 0.000000
2.027660, 0.000000
2.160060, 0.000000
2.291440, 0.000000
2.421360, 0.000000
2.549230, 0.000000
2.674370, 0.000000
2.795990, 0.000000
2.913180, 0.000000
3.025000, 0.000000
3.130420, 0.000000
3.228390, 0.000000
3.317850, 0.000000
3.397740, 0.000000
3.467060, 0.000000
3.524850, 0.000000
3.570250, 0.000000
3.602480, 0.000000
3.620930, 0.000000
3.625110, 0.000000
3.614720, 0.000000
3.589630, 0.000000
3.549930, 0.000000
3.495900, 0.000000
3.428050, 0.000000
3.347100, 0.000000
3.254020, 0.000000
3.149970, 0.000000
3.036330, 0.000000
2.914710, 0.000000
2.786860, 0.000000
2.654730, 0.000000
2.520430, 0.000000
2.386170, 0.000000
2.254280, 0.000000
2.127140, 0.000000
2.007190, 0.000000
1.896860, 0.000000
1.798580, 0.000000
1.714690, 0.000000
1.647450, 0.000000
1.599010, 0.000000
1.571330, 0.000000
1.566200, 0.000000
1.585180, 0.000000
1.629610, 0.000000
1.700510, 0.000000
1.798670, 0.000000
1.924520, 0.000000
2.078210, 0.000000
2.259520, 0.000000
2.467950, 0.000000
2.702610, 0.000000
2.962320, 0.000000
3.245570, 0.000000
3.550530, 0.000000
3.875110, 0.000000
4.216910, 0.000000
4.573330, 0.000000
4.941550, 0.000000
5.318560, 0.000000
5.701210, 0.000000
6.086250, 0.000000
6.470360, 0.000000
6.850210, 0.000000
7.222480, 0.000000
7.583900, 0.000000
7.931300, 0.000000
8.261680, 0.000000
8.572180, 0.000000
8.860190, 0.000000
9.123340, 0.000000
9.359520, 0.000000
9.566970, 0.000000
9.744230, 0.000000
9.890210, 0.000000
10.004160, 0.000000
10.085720, 0.000000
10.134920, 0.000000
10.152140, 0.000000
10.138150, 0.000000
10.094070, 0.000000
10.021370, 0.000000
9.921840, 0.000000
9.797560, 0.000000
9.650880, 0.000000
9.484390, 0.000000
9.300870, 0.000000
9.103250, 0.000000
8.894600, 0.000000
8.678040, 0.000000
8.456720, 0.000000
8.233790, 0.000000
8.012300, 0.000000
7.795250, 0.000000
7.585430, 0.000000
7.385500, 0.000000
7.197860, 0.000000
7.024640, 0.000000
6.867710, 0.000000
6.728610, 0.000000
6.608530, 0.000000
6.508310, 0.000000
6.428420, 0.000000
6.368960, 0.000000
6.329650, 0.000000
6.309830, 0.000000
6.308490, 0.000000
6.324240, 0.000000
6.355410, 0.000000
6.399990, 0.000000
6.455700, 0.000000
6.520030, 0.000000
6.590260, 0.000000
6.663510, 0.000000
6.736760, 0.000000
6.806930, 0.000000
6.870910, 0.000000
6.925600, 0.000000
6.967960, 0.000000
6.995050, 0.000000
7.004080, 0.000000
6.992480, 0.000000
6.957870, 0.000000
6.898170, 0.000000
6.811600, 0.000000
6.696680, 0.000000
6.552320, 0.000000
6.377770, 0.000000
6.172680, 0.000000
5.937100, 0.000000
5.671450, 0.000000
5.376560, 0.000000
5.053630, 0.000000
4.704230, 0.000000
4.330290, 0.000000
3.934030, 0.000000
3.517980, 0.000000
3.084920, 0.000000
2.637850, 0.000000
2.179940, 0.000000
1.714500, 0.000000
1.244920, 0.000000
0.774630, 0.000000
0.307030, 0.000000
0.154510, 180.000000
0.606740, 180.000000
1.046580, 180.000000
1.471140, 180.000000
1.877740, 180.000000
2.264030, 180.000000
2.627950, 180.000000
2.967760, 180.000000
3.282130, 180.000000
3.570090, 180.000000
3.831090, 180.000000
4.064990, 180.000000
4.272040, 180.000000
4.452930, 180.000000
4.608740, 180.000000
4.740950, 180.000000
4.851370, 180.000000
4.942200, 180.000000
5.015900, 180.000000
5.075230, 180.000000
5.123180, 180.000000
5.162920, 180.000000
5.197770, 180.000000
5.231140, 180.000000
5.266480, 180.000000
5.307240, 180.000000
5.356820, 180.000000
5.418470, 180.000000
5.495340, 180.000000
5.590320, 180.000000
5.706090, 180.000000
5.845010, 180.000000
6.009120, 180.000000
6.200130, 180.000000
6.419310, 180.000000
6.667550, 180.000000
6.945320, 180.000000
7.252650, 180.000000
7.589110, 180.000000
7.953860, 180.000000
8.345620, 180.000000
8.762700, 180.000000
9.203020, 180.000000
9.664130, 180.000000
10.143250, 180.000000
10.637300, 180.000000
11.142950, 180.000000
11.656670, 180.000000
12.174760, 180.000000
12.693390, 180.000000
13.208700, 180.000000
13.716820, 180.000000
14.213910, 180.000000
14.696260, 180.000000
15.160290, 180.000000
15.602630, 180.000000
16.020160, 180.000000
16.410060, 180.000000
16.769830, 180.000000
17.097350, 180.000000
17.390870, 180.000000
17.649080, 180.000000
17.871100, 180.000000
18.056510, 180.000000
18.205310, 180.000000
18.317980, 180.000000
18.395410, 180.000000
18.438960, 180.000000
18.450350, 180.000000
18.431700, 180.000000
18.385480, 180.000000
18.314440, 180.000000
18.221620, 180.000000
18.110270, 180.000000
17.983810, 180.000000
17.845760, 180.000000
17.699730, 180.000000
17.549320, 180.000000
17.398090, 180.000000
17.249490, 180.000000
17.106820, 180.000000
16.973180, 180.000000
16.851420, 180.000000
16.744070, 180.000000
16.653350, 180.000000
16.581100, 180.000000
16.528770, 180.000000
16.497360, 180.000000
16.487480, 180.000000
16.499240, 180.000000
16.532340, 180.000000
16.586000, 180.000000
16.659030, 180.000000
16.749820, 180.000000
16.856330, 180.000000
16.976210, 180.000000
17.106740, 180.000000
17.244930, 180.000000
17.387530, 180.000000
17.531140, 180.000000
17.672160, 180.000000
17.806970, 180.000000
17.931860, 180.000000
18.043210, 180.000000
18.137450, 180.000000
18.211150, 180.000000
18.261120, 180.000000
18.284370, 180.000000
18.278250, 180.000000
18.240420, 180.000000
18.168950, 180.000000
18.062300, 180.000000
17.919380, 180.000000
17.739570, 180.000000
17.522700, 180.000000
17.269100, 180.000000
16.979560, 180.000000
16.655350, 180.000000
16.298190, 180.000000
15.910200, 180.000000
15.493920, 180.000000
15.052230, 180.000000
14.588310, 180.000000
14.105610, 180.000000
13.607790, 180.000000
13.098640, 180.000000
12.582020, 180.000000
12.061830, 180.000000
11.541920, 180.000000
11.025990, 180.000000
10.517600, 180.000000
10.020020, 180.000000
9.536260, 180.000000
9.068910, 180.000000
8.620180, 180.000000
8.191800, 180.000000
7.784990, 180.000000
7.400420, 180.000000
7.038190, 180.000000
6.697840, 180.000000
6.378260, 180.000000
6.077800, 180.000000
5.794180, 180.000000
5.524550, 180.000000
5.265540, 180.000000
5.013250, 180.000000
4.763330, 180.000000
4.511010, 180.000000
4.251160, 180.000000
3.978400, 180.000000
3.687110, 180.000000
3.371560, 180.000000
3.025950, 180.000000
2.644530, 180.000000
2.221690, 180.000000
1.751990, 180.000000
1.230340, 180.000000
0.652000, 180.000000
0.012700, 180.000000
0.691270, 0.000000
1.463020, 0.000000
2.304970, 0.000000
3.218800, 0.000000
4.205400, 0.000000
5.264850, 0.000000
6.396360, 0.000000
7.598260, 0.000000
8.868010, 0.000000
10.202210, 0.000000
11.596570, 0.000000
13.045990, 0.000000
14.544590, 0.000000
16.085740, 0.000000
17.662160, 0.000000
19.265970, 0.000000
20.888750, 0.000000
22.521700, 0.000000
24.155690, 0.000000
25.781360, 0.000000
27.389280, 0.000000
28.970010, 0.000000
30.514270, 0.000000
32.013020, 0.000000
33.457590, 0.000000
34.839810, 0.000000
36.152110, 0.000000
37.387620, 0.000000
38.540310, 0.000000
39.605010, 0.000000
40.577570, 0.000000
41.454880, 0.000000
42.234960, 0.000000
42.916980, 0.000000
43.501330, 0.000000
43.989610, 0.000000
44.384620, 0.000000
44.690410, 0.000000
44.912180, 0.000000
45.056310, 0.000000
45.130230, 0.000000
45.142400, 0.000000
45.102220, 0.000000
45.019930, 0.000000
44.906460, 0.000000
44.773370, 0.000000
44.632700, 0.000000
44.496780, 0.000000
44.378190, 0.000000
44.289490, 0.000000
44.243170, 0.000000
44.251430, 0.000000
44.326060, 0.000000
44.478270, 0.000000
44.718540, 0.000000
45.056530, 0.000000
45.500870, 0.000000
46.059090, 0.000000
46.737500, 0.000000
47.541090, 0.000000
48.473420, 0.000000
49.536590, 0.000000
50.731170, 0.000000
52.056150, 0.000000
53.508960, 0.000000
55.085420, 0.000000
56.779800, 0.000000
58.584810, 0.000000
60.491730, 0.000000
62.490390, 0.000000
64.569330, 0.000000
66.715870, 0.000000
68.916240, 0.000000
71.155700, 0.000000
73.418710, 0.000000
75.689070, 0.000000
77.950060, 0.000000
80.184670, 0.000000
82.375730, 0.000000
84.506090, 0.000000
86.558830, 0.000000
88.517410, 0.000000
90.365860, 0.000000
92.088960, 0.000000
93.672370, 0.000000
95.102820, 0.000000
96.368250, 0.000000
97.457900, 0.000000
98.362480, 0.000000
99.074240, 0.000000
99.587070, 0.000000
99.896540, 0.000000
100.000000, 0.000000
99.896540, 0.000000
99.587070, 0.000000
99.074240, 0.000000
98.362480, 0.000000
97.457900, 0.000000
96.368250, 0.000000
95.102820, 0.000000
93.672370, 0.000000
92.088960, 0.000000
90.365860, 0.000000
88.517410, 0.000000
86.558830, 0.000000
84.506090, 0.000000
82.375730, 0.000000
80.184670, 0.000000
77.950060, 0.000000
75.689070, 0.000000
73.418710, 0.000000
71.155700, 0.000000
68.916240, 0.000000
66.715870, 0.000000
64.569330, 0.000000
62.490390, 0.000000
60.491730, 0.000000
58.584810, 0.000000
56.779800, 0.000000
55.085420, 0.000000
53.508960, 0.000000
52.056150, 0.000000
50.731170, 0.000000
49.536590, 0.000000
48.473420, 0.000000
47.541090, 0.000000
46.737500, 0.000000
46.059090, 0.000000
45.500870, 0.000000
45.056530, 0.000000
44.718540, 0.000000
44.478270, 0.000000
44.326060, 0.000000
44.251430, 0.000000
44.243170, 0.000000
44.289490, 0.000000
44.378190, 0.000000
44.496780, 0.000000
44.632700, 0.000000
44.773370, 0.000000
44.906460, 0.000000
45.019930, 0.000000
45.102220, 0.000000
45.142400, 0.000000
45.130230, 0.000000
45.056310, 0.000000
44.912180, 0.000000
44.690410, 0.000000
44.384620, 0.000000
43.989610, 0.000000
43.501330, 0.000000
42.916980, 0.000000
42.234960, 0.000000
41.454880, 0.000000
40.577570, 0.000000
39.605010, 0.000000
38.540310, 0.000000
37.387620, 0.000000
36.152110, 0.000000
34.839810, 0.000000
33.457590, 0.000000
32.013020, 0.000000
30.514270, 0.000000
28.970010, 0.000000
27.389280, 0.000000
25.781360, 0.000000
24.155690, 0.000000
22.521700, 0.000000
20.888750, 0.000000
19.265970, 0.000000
17.662160, 0.000000
16.085740, 0.000000
14.544590, 0.000000
13.045990, 0.000000
11.596570, 0.000000
10.202210, 0.000000
8.868010, 0.000000
7.598260, 0.000000
6.396360, 0.000000
5.264850, 0.000000
4.205400, 0.000000
3.218800, 0.000000
2.304970, 0.000000
1.463020, 0.000000
0.691270, 0.000000
0.012700, 180.000000
0.652000, 180.000000
1.230340, 180.000000
1.751990, 180.000000
2.221690, 180.000000
2.644530, 180.000000
3.025950, 180.000000
3.371560, 180.000000
3.687110, 180.000000
3.978400, 180.000000
4.251160, 180.000000
4.511010, 180.000000
4.763330, 180.000000
5.013250, 180.000000
5.265540, 180.000000
5.524550, 180.000000
5.794180, 180.000000
6.077800, 180.000000
6.378260, 180.000000
6.697840, 180.000000
7.038190, 180.000000
7.400420, 180.000000
7.784990, 180.000000
8.191800, 180.000000
8.620180, 180.000000
9.068910, 180.000000
9.536260, 180.000000
10.020020, 180.000000
10.517600, 180.000000
11.025990, 180.000000
11.541920, 180.000000
12.061830, 180.000000
12.582020, 180.000000
13.098640, 180.000000
13.607790, 180.000000
14.105610, 180.000000
14.588310, 180.000000
15.052230, 180.000000
15.493920, 180.000000
15.910200, 180.000000
16.298190, 180.000000
16.655350, 180.000000
16.979560, 180.000000
17.269100, 180.000000
17.522700, 180.000000
17.739570, 180.000000
17.919380, 180.000000
18.062300, 180.000000
18.168950, 180.000000
18.240420, 180.000000
18.278250, 180.000000
18.284370, 180.000000
18.261120, 180.000000
18.211150, 180.000000
18.137450, 180.000000
18.043210, 180.000000
17.931860, 180.000000
17.806970, 180.000000
17.672160, 180.000000
17.531140, 180.000000
17.387530, 180.000000
17.244930, 180.000000
17.106740, 180.000000
16.976210, 180.000000
16.856330, 180.000000
16.749820, 180.000000
16.659030, 180.000000
16.586000, 180.000000
16.532340, 180.000000
16.499240, 180.000000
16.487480, 180.000000
16.497360, 180.000000
16.528770, 180.000000
16.581100, 180.000000
16.653350, 180.000000
16.744070, 180.000000
16.851420, 180.000000
16.973180, 180.000000
17.106820, 180.000000
17.249490, 180.000000
17.398090, 180.000000
17.549320, 180.000000
17.699730, 180.000000
17.845760, 180.000000
17.983810, 180.000000
18.110270, 180.000000
18.221620, 180.000000
18.314440, 180.000000
18.385480, 180.000000
18.431700, 180.000000
18.450350, 180.000000
18.438960, 180.000000
18.395410, 180.000000
18.317980, 180.000000
18.205310, 180.000000
18.056510, 180.000000
17.871100, 180.000000
17.649080, 180.000000
17.390870, 180.000000
17.097350, 180.000000
16.769830, 180.000000
16.410060, 180.000000
16.020160, 180.000000
15.602630, 180.000000
15.160290, 180.000000
14.696260, 180.000000
14.213910, 180.000000
13.716820, 180.000000
13.208700, 180.000000
12.693390, 180.000000
12.174760, 180.000000
11.656670, 180.000000
11.142950, 180.000000
10.637300, 180.000000
10.143250, 180.000000
9.664130, 180.000000
9.203020, 180.000000
8.762700, 180.000000
8.345620, 180.000000
7.953860, 180.000000
7.589110, 180.000000
7.252650, 180.000000
6.945320, 180.000000
6.667550, 180.000000
6.419310, 180.000000
6.200130, 180.000000
6.009120, 180.000000
5.845010, 180.000000
5.706090, 180.000000
5.590320, 180.000000
5.495340, 180.000000
5.418470, 180.000000
5.356820, 180.000000
5.307240, 180.000000
5.266480, 180.000000
5.231140, 180.000000
5.197770, 180.000000
5.162920, 180.000000
5.123180, 180.000000
5.075230, 180.000000
5.015900, 180.000000
4.942200, 180.000000
4.851370, 180.000000
4.740950, 180.000000
4.608740, 180.000000
4.452930, 180.000000
4.272040, 180.000000
4.064990, 180.000000
3.831090, 180.000000
3.570090, 180.000000
3.282130, 180.000000
2.967760, 180.000000
2.627950, 180.000000
2.264030, 180.000000
1.877740, 180.000000
1.471140, 180.000000
1.046580, 180.000000
0.606740, 180.000000
0.154510, 180.000000
0.307030, 0.000000
0.774630, 0.000000
1.244920, 0.000000
1.714500, 0.000000
2.179940, 0.000000
2.637850, 0.000000
3.084920, 0.000000
3.517980, 0.000000
3.934030, 0.000000
4.330290, 0.000000
4.704230, 0.000000
5.053630, 0.000000
5.376560, 0.000000
5.671450, 0.000000
5.937100, 0.000000
6.172680, 0.000000
6.377770, 0.000000
6.552320, 0.000000
6.696680, 0.000000
6.811600, 0.000000
6.898170, 0.000000
6.957870, 0.000000
6.992480, 0.000000
7.004080, 0.000000
6.995050, 0.000000
6.967960, 0.000000
6.925600, 0.000000
6.870910, 0.000000
6.806930, 0.000000
6.736760, 0.000000
6.663510, 0.000000
6.590260, 0.000000
6.520030, 0.000000
6.455700, 0.000000
6.399990, 0.000000
6.355410, 0.000000
6.324240, 0.000000
6.308490, 0.000000
6.309830, 0.000000
6.329650, 0.000000
6.368960, 0.000000
6.428420, 0.000000
6.508310, 0.000000
6.608530, 0.000000
6.728610, 0.000000
6.867710, 0.000000
7.024640, 0.000000
7.197860, 0.000000
7.385500, 0.000000
7.585430, 0.000000
7.795250, 0.000000
8.012300, 0.000000
8.233790, 0.000000
8.456720, 0.000000
8.678040, 0.000000
8.894600, 0.000000
9.103250, 0.000000
9.300870, 0.000000
9.484390, 0.000000
9.650880, 0.000000
9.797560, 0.000000
9.921840, 0.000000
10.021370, 0.000000
10.094070, 0.000000
10.138150, 0.000000
10.152140, 0.000000
10.134920, 0.000000
10.085720, 0.000000
10.004160, 0.000000
9.890210, 0.000000
9.744230, 0.000000
9.566970, 0.000000
9.359520, 0.000000
9.123340, 0.000000
8.860190, 0.000000
8.572180, 0.000000
8.261680, 0.000000
7.931300, 0.000000
7.583900, 0.000000
7.222480, 0.000000
6.850210, 0.000000
6.470360, 0.000000
6.086250, 0.000000
5.701210, 0.000000
5.318560, 0.000000
4.941550, 0.000000
4.573330, 0.000000
4.216910, 0.000000
3.875110, 0.000000
3.550530, 0.000000
3.245570, 0.000000
2.962320, 0.000000
2.702610, 0.000000
2.467950, 0.000000
2.259520, 0.000000
2.078210, 0.000000
1.924520, 0.000000
1.798670, 0.000000
1.700510, 0.000000
1.629610, 0.000000
1.585180, 0.000000
1.566200, 0.000000
1.571330, 0.000000
1.599010, 0.000000
1.647450, 0.000000
1.714690, 0.000000
1.798580, 0.000000
1.896860, 0.000000
2.007190, 0.000000
2.127140, 0.000000
2.254280, 0.000000
2.386170, 0.000000
2.520430, 0.000000
2.654730, 0.000000
2.786860, 0.000000
2.914710, 0.000000
3.036330, 0.000000
3.149970, 0.000000
3.254020, 0.000000
3.347100, 0.000000
3.428050, 0.000000
3.495900, 0.000000
3.549930, 0.000000
3.589630, 0.000000
3.614720, 0.000000
3.625110, 0.000000
3.620930, 0.000000
3.602480, 0.000000
3.570250, 0.000000
3.524850, 0.000000
3.467060, 0.000000
3.397740, 0.000000
3.317850, 0.000000
3.228390, 0.000000
3.130420, 0.000000
3.025000, 0.000000
2.913180, 0.000000
2.795990, 0.000000
2.674370, 0.000000
2.549230, 0.000000
2.421360, 0.000000
2.291440, 0.000000
2.160060, 0.000000
2.027660, 0.000000
1.894550, 0.000000
1.760900, 0.000000
1.626770, 0.000000
1.492050, 0.000000
1.356550, 0.000000
1.219910, 0.000000
1.081720, 0.000000
0.941450, 0.000000
0.798510, 0.000000
0.652260, 0.000000
0.502030, 0.000000
0.347140, 0.000000
0.186940, 0.000000
0.020810, 0.000000
0.151810, 180.000000
0.331390, 180.000000
0.518270, 180.000000
0.712690, 180.000000
0.914720, 180.000000
1.124280, 180.000000
1.341080, 180.000000
1.564660, 180.000000
1.794360, 180.000000
2.029310, 180.000000
2.268420, 180.000000
2.510420, 180.000000
2.753820, 180.000000
2.996950, 180.000000
3.237980, 180.000000
3.474890, 180.000000
3.705560, 180.000000
3.927750, 180.000000
4.139120, 180.000000
4.337290, 180.000000
4.519860, 180.000000
4.684440, 180.000000
4.828680, 180.000000
4.950340, 180.000000
5.047260, 180.000000
5.117470, 180.000000
5.159180, 180.000000
5.170820, 180.000000
5.151080, 180.000000
5.098950, 180.000000
5.013700, 180.000000
4.894980, 180.000000
4.742770, 180.000000
4.557410, 180.000000
4.339640, 180.000000
4.090580, 180.000000
3.811750, 180.000000
3.505020, 180.000000
3.172670, 180.000000
2.817310, 180.000000
2.441890, 180.000000
2.049700, 180.000000
1.644280, 180.000000
1.229430, 180.000000
0.809160, 180.000000
0.387650, 180.000000
0.030800, 0.000000
0.441820, 0.000000
0.841010, 0.000000
1.224000, 0.000000
1.586510, 0.000000
1.924360, 0.000000
2.233580, 0.000000
2.510440, 0.000000
2.751460, 0.000000
2.953530, 0.000000
3.113880, 0.000000
3.230170, 0.000000
3.300480, 0.000000
3.323390, 0.000000
3.297960, 0.000000
3.223800, 0.000000
3.101000, 0.000000
2.930240, 0.000000
2.712690, 0.000000
2.450080, 0.000000
2.144650, 0.000000
1.799130, 0.000000
1.416730, 0.000000
1.001110, 0.000000
0.556300, 0.000000
0.086720, 0.000000
0.402900, 180.000000
0.907570, 180.000000
1.422110, 180.000000
1.941170, 180.000000
2.459320, 180.000000
2.971090, 180.000000
3.471070, 180.000000
3.953930, 180.000000
4.414500, 180.000000
4.847820, 180.000000
5.249230, 180.000000
5.614380, 180.000000
5.939320, 180.000000
6.220500, 180.000000
6.454860, 180.000000
6.639860, 180.000000
6.773470, 180.000000
6.854220, 180.000000
##END=
