##TITLE= Seduce
##JCAMP-DX= 5.00 Bruker JCAMP library
##DATA TYPE= Shape Data
##ORIGIN= Bruker BioSpin GmbH
##OWNER= <demo>
##DATE= 2005/09/22
##TIME= 17:54:05
##$SHAPE_PARAMETERS= 
##MINX= 0.000000E00
##MAXX= 1.000000E02
##MINY= 0.000000E00
##MAXY= 0.000000E00
##$SHAPE_EXMODE= Excitation
##$SHAPE_TOTROT= 9.000000E01
##$SHAPE_TYPE= Excitation
##$SHAPE_USER_DEF= 
##$SHAPE_REPHFAC= 
##$SHAPE_BWFAC= 2.040000E00
##$SHAPE_BWFAC50= 
##$SHAPE_INTEGFAC= 4.699844E-01
##$SHAPE_MODE= 0
##NPOINTS= 100
##XYPOINTS= (XY..XY)
0.000000E00, 0.000000E00
1.955034E-02, 0.000000E00
5.865103E-02, 0.000000E00
1.173021E-01, 0.000000E00
2.150538E-01, 0.000000E00
3.519061E-01, 0.000000E00
5.571848E-01, 0.000000E00
8.504399E-01, 0.000000E00
1.241447E00, 0.000000E00
1.769306E00, 0.000000E00
2.473118E00, 0.000000E00
3.391984E00, 0.000000E00
4.574780E00, 0.000000E00
6.080156E00, 0.000000E00
7.966765E00, 0.000000E00
1.031281E01, 0.000000E00
1.317693E01, 0.000000E00
1.659824E01, 0.000000E00
2.061583E01, 0.000000E00
2.519062E01, 0.000000E00
3.021506E01, 0.000000E00
3.553275E01, 0.000000E00
4.083089E01, 0.000000E00
4.578690E01, 0.000000E00
5.000000E01, 0.000000E00
5.313783E01, 0.000000E00
5.626588E01, 0.000000E00
5.936462E01, 0.000000E00
6.243402E01, 0.000000E00
6.545454E01, 0.000000E00
6.840665E01, 0.000000E00
7.129032E01, 0.000000E00
7.408603E01, 0.000000E00
7.679375E01, 0.000000E00
7.938416E01, 0.000000E00
8.186706E01, 0.000000E00
8.422288E01, 0.000000E00
8.645162E01, 0.000000E00
8.852395E01, 0.000000E00
9.044966E01, 0.000000E00
9.221897E01, 0.000000E00
9.381232E01, 0.000000E00
9.523949E01, 0.000000E00
9.648094E01, 0.000000E00
9.755621E01, 0.000000E00
9.842620E01, 0.000000E00
9.911047E01, 0.000000E00
9.960899E01, 0.000000E00
9.990225E01, 0.000000E00
1.000000E02, 0.000000E00
9.990225E01, 0.000000E00
9.960899E01, 0.000000E00
9.911047E01, 0.000000E00
9.842620E01, 0.000000E00
9.755621E01, 0.000000E00
9.648094E01, 0.000000E00
9.523949E01, 0.000000E00
9.381232E01, 0.000000E00
9.221897E01, 0.000000E00
9.044966E01, 0.000000E00
8.852395E01, 0.000000E00
8.645162E01, 0.000000E00
8.422288E01, 0.000000E00
8.186706E01, 0.000000E00
7.938416E01, 0.000000E00
7.679375E01, 0.000000E00
7.408603E01, 0.000000E00
7.129032E01, 0.000000E00
6.840665E01, 0.000000E00
6.545454E01, 0.000000E00
6.243402E01, 0.000000E00
5.936462E01, 0.000000E00
5.626588E01, 0.000000E00
5.313783E01, 0.000000E00
5.000000E01, 0.000000E00
4.686217E01, 0.000000E00
4.272727E01, 0.000000E00
3.793744E01, 0.000000E00
3.284458E01, 0.000000E00
2.779081E01, 0.000000E00
2.297165E01, 0.000000E00
1.872923E01, 0.000000E00
1.498534E01, 0.000000E00
1.179863E01, 0.000000E00
9.159335E00, 0.000000E00
7.008798E00, 0.000000E00
5.288368E00, 0.000000E00
3.929619E00, 0.000000E00
2.864125E00, 0.000000E00
2.052786E00, 0.000000E00
1.446725E00, 0.000000E00
9.872924E-01, 0.000000E00
6.549365E-01, 0.000000E00
4.105571E-01, 0.000000E00
2.443793E-01, 0.000000E00
1.368524E-01, 0.000000E00
6.842620E-02, 0.000000E00
2.932552E-02, 0.000000E00
9.775170E-03, 0.000000E00
0.000000E00, 0.000000E00
##END
