##TITLE= /C=/Bruker/XWIN-NMR/exp/stan/nmr/lists/wave/sinc3.1000
##JCAMP-DX= 5.00 Bruker JCAMP library
##DATA TYPE= Shape Data
##ORIGIN= Bruker Analytik GmbH
##OWNER= <Administrator>
##DATE= 04/11/25
##TIME= 15:13:45
##$SHAPE_PARAMETERS= Type: Sinc ; Number of Cycles: 3 
##MINX= 3.898043e-15
##MAXX= 9.999852e+01
##MINY= 0.000000e+00
##MAXY= 1.800000e+02
##$SHAPE_EXMODE= Universal
##$SHAPE_TOTROT= 9.000000e+01
##$SHAPE_BWFAC= 5.572000e+00
##$SHAPE_INTEGFAC= 1.775197e-01
##$SHAPE_MODE= 0
##NPOINTS= 1000
##XYPOINTS= (XY..XY)
3.898043e-15, 0.000000e+00
2.005899e-01, 0.000000e+00
4.019146e-01, 0.000000e+00
6.039070e-01, 0.000000e+00
8.064992e-01, 0.000000e+00
1.009623e+00, 0.000000e+00
1.213210e+00, 0.000000e+00
1.417191e+00, 0.000000e+00
1.621496e+00, 0.000000e+00
1.826056e+00, 0.000000e+00
2.030801e+00, 0.000000e+00
2.235659e+00, 0.000000e+00
2.440560e+00, 0.000000e+00
2.645433e+00, 0.000000e+00
2.850206e+00, 0.000000e+00
3.054807e+00, 0.000000e+00
3.259165e+00, 0.000000e+00
3.463208e+00, 0.000000e+00
3.666862e+00, 0.000000e+00
3.870056e+00, 0.000000e+00
4.072717e+00, 0.000000e+00
4.274772e+00, 0.000000e+00
4.476148e+00, 0.000000e+00
4.676773e+00, 0.000000e+00
4.876573e+00, 0.000000e+00
5.075476e+00, 0.000000e+00
5.273407e+00, 0.000000e+00
5.470296e+00, 0.000000e+00
5.666068e+00, 0.000000e+00
5.860650e+00, 0.000000e+00
6.053971e+00, 0.000000e+00
6.245957e+00, 0.000000e+00
6.436536e+00, 0.000000e+00
6.625636e+00, 0.000000e+00
6.813184e+00, 0.000000e+00
6.999109e+00, 0.000000e+00
7.183339e+00, 0.000000e+00
7.365803e+00, 0.000000e+00
7.546430e+00, 0.000000e+00
7.725149e+00, 0.000000e+00
7.901890e+00, 0.000000e+00
8.076582e+00, 0.000000e+00
8.249157e+00, 0.000000e+00
8.419544e+00, 0.000000e+00
8.587675e+00, 0.000000e+00
8.753483e+00, 0.000000e+00
8.916898e+00, 0.000000e+00
9.077854e+00, 0.000000e+00
9.236284e+00, 0.000000e+00
9.392122e+00, 0.000000e+00
9.545303e+00, 0.000000e+00
9.695760e+00, 0.000000e+00
9.843431e+00, 0.000000e+00
9.988251e+00, 0.000000e+00
1.013016e+01, 0.000000e+00
1.026909e+01, 0.000000e+00
1.040498e+01, 0.000000e+00
1.053777e+01, 0.000000e+00
1.066741e+01, 0.000000e+00
1.079383e+01, 0.000000e+00
1.091697e+01, 0.000000e+00
1.103678e+01, 0.000000e+00
1.115319e+01, 0.000000e+00
1.126617e+01, 0.000000e+00
1.137564e+01, 0.000000e+00
1.148155e+01, 0.000000e+00
1.158386e+01, 0.000000e+00
1.168250e+01, 0.000000e+00
1.177744e+01, 0.000000e+00
1.186861e+01, 0.000000e+00
1.195597e+01, 0.000000e+00
1.203948e+01, 0.000000e+00
1.211908e+01, 0.000000e+00
1.219472e+01, 0.000000e+00
1.226638e+01, 0.000000e+00
1.233399e+01, 0.000000e+00
1.239752e+01, 0.000000e+00
1.245692e+01, 0.000000e+00
1.251217e+01, 0.000000e+00
1.256321e+01, 0.000000e+00
1.261001e+01, 0.000000e+00
1.265253e+01, 0.000000e+00
1.269074e+01, 0.000000e+00
1.272461e+01, 0.000000e+00
1.275410e+01, 0.000000e+00
1.277918e+01, 0.000000e+00
1.279982e+01, 0.000000e+00
1.281600e+01, 0.000000e+00
1.282767e+01, 0.000000e+00
1.283483e+01, 0.000000e+00
1.283744e+01, 0.000000e+00
1.283549e+01, 0.000000e+00
1.282894e+01, 0.000000e+00
1.281778e+01, 0.000000e+00
1.280199e+01, 0.000000e+00
1.278156e+01, 0.000000e+00
1.275646e+01, 0.000000e+00
1.272669e+01, 0.000000e+00
1.269222e+01, 0.000000e+00
1.265306e+01, 0.000000e+00
1.260918e+01, 0.000000e+00
1.256058e+01, 0.000000e+00
1.250725e+01, 0.000000e+00
1.244919e+01, 0.000000e+00
1.238640e+01, 0.000000e+00
1.231886e+01, 0.000000e+00
1.224659e+01, 0.000000e+00
1.216957e+01, 0.000000e+00
1.208782e+01, 0.000000e+00
1.200134e+01, 0.000000e+00
1.191012e+01, 0.000000e+00
1.181419e+01, 0.000000e+00
1.171355e+01, 0.000000e+00
1.160820e+01, 0.000000e+00
1.149816e+01, 0.000000e+00
1.138345e+01, 0.000000e+00
1.126408e+01, 0.000000e+00
1.114006e+01, 0.000000e+00
1.101141e+01, 0.000000e+00
1.087816e+01, 0.000000e+00
1.074032e+01, 0.000000e+00
1.059792e+01, 0.000000e+00
1.045099e+01, 0.000000e+00
1.029954e+01, 0.000000e+00
1.014361e+01, 0.000000e+00
9.983224e+00, 0.000000e+00
9.818417e+00, 0.000000e+00
9.649221e+00, 0.000000e+00
9.475669e+00, 0.000000e+00
9.297798e+00, 0.000000e+00
9.115645e+00, 0.000000e+00
8.929249e+00, 0.000000e+00
8.738652e+00, 0.000000e+00
8.543895e+00, 0.000000e+00
8.345022e+00, 0.000000e+00
8.142079e+00, 0.000000e+00
7.935113e+00, 0.000000e+00
7.724172e+00, 0.000000e+00
7.509306e+00, 0.000000e+00
7.290568e+00, 0.000000e+00
7.068010e+00, 0.000000e+00
6.841687e+00, 0.000000e+00
6.611656e+00, 0.000000e+00
6.377974e+00, 0.000000e+00
6.140700e+00, 0.000000e+00
5.899895e+00, 0.000000e+00
5.655621e+00, 0.000000e+00
5.407943e+00, 0.000000e+00
5.156924e+00, 0.000000e+00
4.902632e+00, 0.000000e+00
4.645134e+00, 0.000000e+00
4.384500e+00, 0.000000e+00
4.120801e+00, 0.000000e+00
3.854108e+00, 0.000000e+00
3.584495e+00, 0.000000e+00
3.312038e+00, 0.000000e+00
3.036811e+00, 0.000000e+00
2.758893e+00, 0.000000e+00
2.478362e+00, 0.000000e+00
2.195299e+00, 0.000000e+00
1.909784e+00, 0.000000e+00
1.621901e+00, 0.000000e+00
1.331732e+00, 0.000000e+00
1.039363e+00, 0.000000e+00
7.448802e-01, 0.000000e+00
4.483706e-01, 0.000000e+00
1.499228e-01, 0.000000e+00
1.503737e-01, 1.800000e+02
4.524283e-01, 1.800000e+02
7.561492e-01, 1.800000e+02
1.061444e+00, 1.800000e+02
1.368218e+00, 1.800000e+02
1.676377e+00, 1.800000e+02
1.985825e+00, 1.800000e+02
2.296465e+00, 1.800000e+02
2.608199e+00, 1.800000e+02
2.920930e+00, 1.800000e+02
3.234557e+00, 1.800000e+02
3.548980e+00, 1.800000e+02
3.864097e+00, 1.800000e+02
4.179807e+00, 1.800000e+02
4.496007e+00, 1.800000e+02
4.812593e+00, 1.800000e+02
5.129461e+00, 1.800000e+02
5.446505e+00, 1.800000e+02
5.763621e+00, 1.800000e+02
6.080701e+00, 1.800000e+02
6.397639e+00, 1.800000e+02
6.714327e+00, 1.800000e+02
7.030656e+00, 1.800000e+02
7.346519e+00, 1.800000e+02
7.661806e+00, 1.800000e+02
7.976406e+00, 1.800000e+02
8.290211e+00, 1.800000e+02
8.603109e+00, 1.800000e+02
8.914989e+00, 1.800000e+02
9.225740e+00, 1.800000e+02
9.535251e+00, 1.800000e+02
9.843409e+00, 1.800000e+02
1.015010e+01, 1.800000e+02
1.045522e+01, 1.800000e+02
1.075864e+01, 1.800000e+02
1.106026e+01, 1.800000e+02
1.135997e+01, 1.800000e+02
1.165765e+01, 1.800000e+02
1.195318e+01, 1.800000e+02
1.224646e+01, 1.800000e+02
1.253736e+01, 1.800000e+02
1.282579e+01, 1.800000e+02
1.311162e+01, 1.800000e+02
1.339474e+01, 1.800000e+02
1.367503e+01, 1.800000e+02
1.395240e+01, 1.800000e+02
1.422671e+01, 1.800000e+02
1.449786e+01, 1.800000e+02
1.476574e+01, 1.800000e+02
1.503024e+01, 1.800000e+02
1.529123e+01, 1.800000e+02
1.554862e+01, 1.800000e+02
1.580229e+01, 1.800000e+02
1.605213e+01, 1.800000e+02
1.629802e+01, 1.800000e+02
1.653987e+01, 1.800000e+02
1.677755e+01, 1.800000e+02
1.701097e+01, 1.800000e+02
1.724001e+01, 1.800000e+02
1.746456e+01, 1.800000e+02
1.768452e+01, 1.800000e+02
1.789978e+01, 1.800000e+02
1.811024e+01, 1.800000e+02
1.831579e+01, 1.800000e+02
1.851632e+01, 1.800000e+02
1.871174e+01, 1.800000e+02
1.890194e+01, 1.800000e+02
1.908682e+01, 1.800000e+02
1.926627e+01, 1.800000e+02
1.944020e+01, 1.800000e+02
1.960851e+01, 1.800000e+02
1.977109e+01, 1.800000e+02
1.992786e+01, 1.800000e+02
2.007872e+01, 1.800000e+02
2.022357e+01, 1.800000e+02
2.036232e+01, 1.800000e+02
2.049487e+01, 1.800000e+02
2.062113e+01, 1.800000e+02
2.074101e+01, 1.800000e+02
2.085443e+01, 1.800000e+02
2.096129e+01, 1.800000e+02
2.106151e+01, 1.800000e+02
2.115501e+01, 1.800000e+02
2.124169e+01, 1.800000e+02
2.132147e+01, 1.800000e+02
2.139428e+01, 1.800000e+02
2.146003e+01, 1.800000e+02
2.151865e+01, 1.800000e+02
2.157005e+01, 1.800000e+02
2.161417e+01, 1.800000e+02
2.165092e+01, 1.800000e+02
2.168024e+01, 1.800000e+02
2.170205e+01, 1.800000e+02
2.171628e+01, 1.800000e+02
2.172287e+01, 1.800000e+02
2.172175e+01, 1.800000e+02
2.171286e+01, 1.800000e+02
2.169613e+01, 1.800000e+02
2.167149e+01, 1.800000e+02
2.163890e+01, 1.800000e+02
2.159829e+01, 1.800000e+02
2.154961e+01, 1.800000e+02
2.149280e+01, 1.800000e+02
2.142781e+01, 1.800000e+02
2.135459e+01, 1.800000e+02
2.127308e+01, 1.800000e+02
2.118326e+01, 1.800000e+02
2.108506e+01, 1.800000e+02
2.097845e+01, 1.800000e+02
2.086338e+01, 1.800000e+02
2.073981e+01, 1.800000e+02
2.060772e+01, 1.800000e+02
2.046705e+01, 1.800000e+02
2.031779e+01, 1.800000e+02
2.015989e+01, 1.800000e+02
1.999333e+01, 1.800000e+02
1.981808e+01, 1.800000e+02
1.963411e+01, 1.800000e+02
1.944141e+01, 1.800000e+02
1.923995e+01, 1.800000e+02
1.902971e+01, 1.800000e+02
1.881068e+01, 1.800000e+02
1.858283e+01, 1.800000e+02
1.834617e+01, 1.800000e+02
1.810067e+01, 1.800000e+02
1.784633e+01, 1.800000e+02
1.758314e+01, 1.800000e+02
1.731110e+01, 1.800000e+02
1.703021e+01, 1.800000e+02
1.674046e+01, 1.800000e+02
1.644187e+01, 1.800000e+02
1.613442e+01, 1.800000e+02
1.581814e+01, 1.800000e+02
1.549303e+01, 1.800000e+02
1.515910e+01, 1.800000e+02
1.481636e+01, 1.800000e+02
1.446483e+01, 1.800000e+02
1.410453e+01, 1.800000e+02
1.373548e+01, 1.800000e+02
1.335770e+01, 1.800000e+02
1.297121e+01, 1.800000e+02
1.257605e+01, 1.800000e+02
1.217223e+01, 1.800000e+02
1.175980e+01, 1.800000e+02
1.133878e+01, 1.800000e+02
1.090922e+01, 1.800000e+02
1.047114e+01, 1.800000e+02
1.002459e+01, 1.800000e+02
9.569616e+00, 1.800000e+02
9.106255e+00, 1.800000e+02
8.634556e+00, 1.800000e+02
8.154568e+00, 1.800000e+02
7.666343e+00, 1.800000e+02
7.169933e+00, 1.800000e+02
6.665395e+00, 1.800000e+02
6.152785e+00, 1.800000e+02
5.632164e+00, 1.800000e+02
5.103593e+00, 1.800000e+02
4.567137e+00, 1.800000e+02
4.022862e+00, 1.800000e+02
3.470836e+00, 1.800000e+02
2.911129e+00, 1.800000e+02
2.343814e+00, 1.800000e+02
1.768966e+00, 1.800000e+02
1.186662e+00, 1.800000e+02
5.969795e-01, 1.800000e+02
1.023776e-14, 1.800000e+02
6.041938e-01, 0.000000e+00
1.215517e+00, 0.000000e+00
1.833883e+00, 0.000000e+00
2.459202e+00, 0.000000e+00
3.091385e+00, 0.000000e+00
3.730337e+00, 0.000000e+00
4.375966e+00, 0.000000e+00
5.028173e+00, 0.000000e+00
5.686861e+00, 0.000000e+00
6.351929e+00, 0.000000e+00
7.023275e+00, 0.000000e+00
7.700796e+00, 0.000000e+00
8.384384e+00, 0.000000e+00
9.073933e+00, 0.000000e+00
9.769334e+00, 0.000000e+00
1.047047e+01, 0.000000e+00
1.117724e+01, 0.000000e+00
1.188952e+01, 0.000000e+00
1.260720e+01, 0.000000e+00
1.333016e+01, 0.000000e+00
1.405827e+01, 0.000000e+00
1.479142e+01, 0.000000e+00
1.552949e+01, 0.000000e+00
1.627235e+01, 0.000000e+00
1.701988e+01, 0.000000e+00
1.777195e+01, 0.000000e+00
1.852842e+01, 0.000000e+00
1.928918e+01, 0.000000e+00
2.005408e+01, 0.000000e+00
2.082300e+01, 0.000000e+00
2.159580e+01, 0.000000e+00
2.237235e+01, 0.000000e+00
2.315250e+01, 0.000000e+00
2.393613e+01, 0.000000e+00
2.472309e+01, 0.000000e+00
2.551324e+01, 0.000000e+00
2.630644e+01, 0.000000e+00
2.710255e+01, 0.000000e+00
2.790142e+01, 0.000000e+00
2.870291e+01, 0.000000e+00
2.950688e+01, 0.000000e+00
3.031317e+01, 0.000000e+00
3.112163e+01, 0.000000e+00
3.193213e+01, 0.000000e+00
3.274451e+01, 0.000000e+00
3.355862e+01, 0.000000e+00
3.437430e+01, 0.000000e+00
3.519141e+01, 0.000000e+00
3.600980e+01, 0.000000e+00
3.682930e+01, 0.000000e+00
3.764977e+01, 0.000000e+00
3.847105e+01, 0.000000e+00
3.929299e+01, 0.000000e+00
4.011542e+01, 0.000000e+00
4.093820e+01, 0.000000e+00
4.176116e+01, 0.000000e+00
4.258415e+01, 0.000000e+00
4.340702e+01, 0.000000e+00
4.422959e+01, 0.000000e+00
4.505172e+01, 0.000000e+00
4.587324e+01, 0.000000e+00
4.669400e+01, 0.000000e+00
4.751383e+01, 0.000000e+00
4.833258e+01, 0.000000e+00
4.915009e+01, 0.000000e+00
4.996619e+01, 0.000000e+00
5.078073e+01, 0.000000e+00
5.159355e+01, 0.000000e+00
5.240449e+01, 0.000000e+00
5.321338e+01, 0.000000e+00
5.402007e+01, 0.000000e+00
5.482440e+01, 0.000000e+00
5.562620e+01, 0.000000e+00
5.642533e+01, 0.000000e+00
5.722161e+01, 0.000000e+00
5.801490e+01, 0.000000e+00
5.880503e+01, 0.000000e+00
5.959184e+01, 0.000000e+00
6.037518e+01, 0.000000e+00
6.115489e+01, 0.000000e+00
6.193081e+01, 0.000000e+00
6.270279e+01, 0.000000e+00
6.347067e+01, 0.000000e+00
6.423429e+01, 0.000000e+00
6.499350e+01, 0.000000e+00
6.574816e+01, 0.000000e+00
6.649809e+01, 0.000000e+00
6.724316e+01, 0.000000e+00
6.798320e+01, 0.000000e+00
6.871808e+01, 0.000000e+00
6.944763e+01, 0.000000e+00
7.017172e+01, 0.000000e+00
7.089018e+01, 0.000000e+00
7.160288e+01, 0.000000e+00
7.230967e+01, 0.000000e+00
7.301040e+01, 0.000000e+00
7.370492e+01, 0.000000e+00
7.439311e+01, 0.000000e+00
7.507481e+01, 0.000000e+00
7.574988e+01, 0.000000e+00
7.641818e+01, 0.000000e+00
7.707958e+01, 0.000000e+00
7.773394e+01, 0.000000e+00
7.838112e+01, 0.000000e+00
7.902099e+01, 0.000000e+00
7.965342e+01, 0.000000e+00
8.027827e+01, 0.000000e+00
8.089541e+01, 0.000000e+00
8.150472e+01, 0.000000e+00
8.210607e+01, 0.000000e+00
8.269933e+01, 0.000000e+00
8.328439e+01, 0.000000e+00
8.386110e+01, 0.000000e+00
8.442937e+01, 0.000000e+00
8.498906e+01, 0.000000e+00
8.554006e+01, 0.000000e+00
8.608226e+01, 0.000000e+00
8.661554e+01, 0.000000e+00
8.713979e+01, 0.000000e+00
8.765489e+01, 0.000000e+00
8.816075e+01, 0.000000e+00
8.865725e+01, 0.000000e+00
8.914429e+01, 0.000000e+00
8.962176e+01, 0.000000e+00
9.008958e+01, 0.000000e+00
9.054763e+01, 0.000000e+00
9.099582e+01, 0.000000e+00
9.143405e+01, 0.000000e+00
9.186224e+01, 0.000000e+00
9.228030e+01, 0.000000e+00
9.268812e+01, 0.000000e+00
9.308564e+01, 0.000000e+00
9.347276e+01, 0.000000e+00
9.384940e+01, 0.000000e+00
9.421548e+01, 0.000000e+00
9.457093e+01, 0.000000e+00
9.491567e+01, 0.000000e+00
9.524962e+01, 0.000000e+00
9.557272e+01, 0.000000e+00
9.588489e+01, 0.000000e+00
9.618608e+01, 0.000000e+00
9.647621e+01, 0.000000e+00
9.675522e+01, 0.000000e+00
9.702306e+01, 0.000000e+00
9.727966e+01, 0.000000e+00
9.752498e+01, 0.000000e+00
9.775896e+01, 0.000000e+00
9.798155e+01, 0.000000e+00
9.819271e+01, 0.000000e+00
9.839238e+01, 0.000000e+00
9.858053e+01, 0.000000e+00
9.875712e+01, 0.000000e+00
9.892210e+01, 0.000000e+00
9.907545e+01, 0.000000e+00
9.921712e+01, 0.000000e+00
9.934710e+01, 0.000000e+00
9.946535e+01, 0.000000e+00
9.957185e+01, 0.000000e+00
9.966657e+01, 0.000000e+00
9.974949e+01, 0.000000e+00
9.982060e+01, 0.000000e+00
9.987989e+01, 0.000000e+00
9.992733e+01, 0.000000e+00
9.996292e+01, 0.000000e+00
9.998665e+01, 0.000000e+00
9.999852e+01, 0.000000e+00
9.999852e+01, 0.000000e+00
9.998665e+01, 0.000000e+00
9.996292e+01, 0.000000e+00
9.992733e+01, 0.000000e+00
9.987989e+01, 0.000000e+00
9.982060e+01, 0.000000e+00
9.974949e+01, 0.000000e+00
9.966657e+01, 0.000000e+00
9.957185e+01, 0.000000e+00
9.946535e+01, 0.000000e+00
9.934710e+01, 0.000000e+00
9.921712e+01, 0.000000e+00
9.907545e+01, 0.000000e+00
9.892210e+01, 0.000000e+00
9.875712e+01, 0.000000e+00
9.858053e+01, 0.000000e+00
9.839238e+01, 0.000000e+00
9.819271e+01, 0.000000e+00
9.798155e+01, 0.000000e+00
9.775896e+01, 0.000000e+00
9.752498e+01, 0.000000e+00
9.727966e+01, 0.000000e+00
9.702306e+01, 0.000000e+00
9.675522e+01, 0.000000e+00
9.647621e+01, 0.000000e+00
9.618608e+01, 0.000000e+00
9.588489e+01, 0.000000e+00
9.557272e+01, 0.000000e+00
9.524962e+01, 0.000000e+00
9.491567e+01, 0.000000e+00
9.457093e+01, 0.000000e+00
9.421548e+01, 0.000000e+00
9.384940e+01, 0.000000e+00
9.347276e+01, 0.000000e+00
9.308564e+01, 0.000000e+00
9.268812e+01, 0.000000e+00
9.228030e+01, 0.000000e+00
9.186224e+01, 0.000000e+00
9.143405e+01, 0.000000e+00
9.099582e+01, 0.000000e+00
9.054763e+01, 0.000000e+00
9.008958e+01, 0.000000e+00
8.962176e+01, 0.000000e+00
8.914429e+01, 0.000000e+00
8.865725e+01, 0.000000e+00
8.816075e+01, 0.000000e+00
8.765489e+01, 0.000000e+00
8.713979e+01, 0.000000e+00
8.661554e+01, 0.000000e+00
8.608226e+01, 0.000000e+00
8.554006e+01, 0.000000e+00
8.498906e+01, 0.000000e+00
8.442937e+01, 0.000000e+00
8.386110e+01, 0.000000e+00
8.328439e+01, 0.000000e+00
8.269933e+01, 0.000000e+00
8.210607e+01, 0.000000e+00
8.150472e+01, 0.000000e+00
8.089541e+01, 0.000000e+00
8.027827e+01, 0.000000e+00
7.965342e+01, 0.000000e+00
7.902099e+01, 0.000000e+00
7.838112e+01, 0.000000e+00
7.773394e+01, 0.000000e+00
7.707958e+01, 0.000000e+00
7.641818e+01, 0.000000e+00
7.574988e+01, 0.000000e+00
7.507481e+01, 0.000000e+00
7.439311e+01, 0.000000e+00
7.370492e+01, 0.000000e+00
7.301040e+01, 0.000000e+00
7.230967e+01, 0.000000e+00
7.160288e+01, 0.000000e+00
7.089018e+01, 0.000000e+00
7.017172e+01, 0.000000e+00
6.944763e+01, 0.000000e+00
6.871808e+01, 0.000000e+00
6.798320e+01, 0.000000e+00
6.724316e+01, 0.000000e+00
6.649809e+01, 0.000000e+00
6.574816e+01, 0.000000e+00
6.499350e+01, 0.000000e+00
6.423429e+01, 0.000000e+00
6.347067e+01, 0.000000e+00
6.270279e+01, 0.000000e+00
6.193081e+01, 0.000000e+00
6.115489e+01, 0.000000e+00
6.037518e+01, 0.000000e+00
5.959184e+01, 0.000000e+00
5.880503e+01, 0.000000e+00
5.801490e+01, 0.000000e+00
5.722161e+01, 0.000000e+00
5.642533e+01, 0.000000e+00
5.562620e+01, 0.000000e+00
5.482440e+01, 0.000000e+00
5.402007e+01, 0.000000e+00
5.321338e+01, 0.000000e+00
5.240449e+01, 0.000000e+00
5.159355e+01, 0.000000e+00
5.078073e+01, 0.000000e+00
4.996619e+01, 0.000000e+00
4.915009e+01, 0.000000e+00
4.833258e+01, 0.000000e+00
4.751383e+01, 0.000000e+00
4.669400e+01, 0.000000e+00
4.587324e+01, 0.000000e+00
4.505172e+01, 0.000000e+00
4.422959e+01, 0.000000e+00
4.340702e+01, 0.000000e+00
4.258415e+01, 0.000000e+00
4.176116e+01, 0.000000e+00
4.093820e+01, 0.000000e+00
4.011542e+01, 0.000000e+00
3.929299e+01, 0.000000e+00
3.847105e+01, 0.000000e+00
3.764977e+01, 0.000000e+00
3.682930e+01, 0.000000e+00
3.600980e+01, 0.000000e+00
3.519141e+01, 0.000000e+00
3.437430e+01, 0.000000e+00
3.355862e+01, 0.000000e+00
3.274451e+01, 0.000000e+00
3.193213e+01, 0.000000e+00
3.112163e+01, 0.000000e+00
3.031317e+01, 0.000000e+00
2.950688e+01, 0.000000e+00
2.870291e+01, 0.000000e+00
2.790142e+01, 0.000000e+00
2.710255e+01, 0.000000e+00
2.630644e+01, 0.000000e+00
2.551324e+01, 0.000000e+00
2.472309e+01, 0.000000e+00
2.393613e+01, 0.000000e+00
2.315250e+01, 0.000000e+00
2.237235e+01, 0.000000e+00
2.159580e+01, 0.000000e+00
2.082300e+01, 0.000000e+00
2.005408e+01, 0.000000e+00
1.928918e+01, 0.000000e+00
1.852842e+01, 0.000000e+00
1.777195e+01, 0.000000e+00
1.701988e+01, 0.000000e+00
1.627235e+01, 0.000000e+00
1.552949e+01, 0.000000e+00
1.479142e+01, 0.000000e+00
1.405827e+01, 0.000000e+00
1.333016e+01, 0.000000e+00
1.260720e+01, 0.000000e+00
1.188952e+01, 0.000000e+00
1.117724e+01, 0.000000e+00
1.047047e+01, 0.000000e+00
9.769334e+00, 0.000000e+00
9.073933e+00, 0.000000e+00
8.384384e+00, 0.000000e+00
7.700796e+00, 0.000000e+00
7.023275e+00, 0.000000e+00
6.351929e+00, 0.000000e+00
5.686861e+00, 0.000000e+00
5.028173e+00, 0.000000e+00
4.375966e+00, 0.000000e+00
3.730337e+00, 0.000000e+00
3.091385e+00, 0.000000e+00
2.459202e+00, 0.000000e+00
1.833883e+00, 0.000000e+00
1.215517e+00, 0.000000e+00
6.041938e-01, 0.000000e+00
3.216964e-14, 0.000000e+00
5.969795e-01, 1.800000e+02
1.186662e+00, 1.800000e+02
1.768966e+00, 1.800000e+02
2.343814e+00, 1.800000e+02
2.911129e+00, 1.800000e+02
3.470836e+00, 1.800000e+02
4.022862e+00, 1.800000e+02
4.567137e+00, 1.800000e+02
5.103593e+00, 1.800000e+02
5.632164e+00, 1.800000e+02
6.152785e+00, 1.800000e+02
6.665395e+00, 1.800000e+02
7.169933e+00, 1.800000e+02
7.666343e+00, 1.800000e+02
8.154568e+00, 1.800000e+02
8.634556e+00, 1.800000e+02
9.106255e+00, 1.800000e+02
9.569616e+00, 1.800000e+02
1.002459e+01, 1.800000e+02
1.047114e+01, 1.800000e+02
1.090922e+01, 1.800000e+02
1.133878e+01, 1.800000e+02
1.175980e+01, 1.800000e+02
1.217223e+01, 1.800000e+02
1.257605e+01, 1.800000e+02
1.297121e+01, 1.800000e+02
1.335770e+01, 1.800000e+02
1.373548e+01, 1.800000e+02
1.410453e+01, 1.800000e+02
1.446483e+01, 1.800000e+02
1.481636e+01, 1.800000e+02
1.515910e+01, 1.800000e+02
1.549303e+01, 1.800000e+02
1.581814e+01, 1.800000e+02
1.613442e+01, 1.800000e+02
1.644187e+01, 1.800000e+02
1.674046e+01, 1.800000e+02
1.703021e+01, 1.800000e+02
1.731110e+01, 1.800000e+02
1.758314e+01, 1.800000e+02
1.784633e+01, 1.800000e+02
1.810067e+01, 1.800000e+02
1.834617e+01, 1.800000e+02
1.858283e+01, 1.800000e+02
1.881068e+01, 1.800000e+02
1.902971e+01, 1.800000e+02
1.923995e+01, 1.800000e+02
1.944141e+01, 1.800000e+02
1.963411e+01, 1.800000e+02
1.981808e+01, 1.800000e+02
1.999333e+01, 1.800000e+02
2.015989e+01, 1.800000e+02
2.031779e+01, 1.800000e+02
2.046705e+01, 1.800000e+02
2.060772e+01, 1.800000e+02
2.073981e+01, 1.800000e+02
2.086338e+01, 1.800000e+02
2.097845e+01, 1.800000e+02
2.108506e+01, 1.800000e+02
2.118326e+01, 1.800000e+02
2.127308e+01, 1.800000e+02
2.135459e+01, 1.800000e+02
2.142781e+01, 1.800000e+02
2.149280e+01, 1.800000e+02
2.154961e+01, 1.800000e+02
2.159829e+01, 1.800000e+02
2.163890e+01, 1.800000e+02
2.167149e+01, 1.800000e+02
2.169613e+01, 1.800000e+02
2.171286e+01, 1.800000e+02
2.172175e+01, 1.800000e+02
2.172287e+01, 1.800000e+02
2.171628e+01, 1.800000e+02
2.170205e+01, 1.800000e+02
2.168024e+01, 1.800000e+02
2.165092e+01, 1.800000e+02
2.161417e+01, 1.800000e+02
2.157005e+01, 1.800000e+02
2.151865e+01, 1.800000e+02
2.146003e+01, 1.800000e+02
2.139428e+01, 1.800000e+02
2.132147e+01, 1.800000e+02
2.124169e+01, 1.800000e+02
2.115501e+01, 1.800000e+02
2.106151e+01, 1.800000e+02
2.096129e+01, 1.800000e+02
2.085443e+01, 1.800000e+02
2.074101e+01, 1.800000e+02
2.062113e+01, 1.800000e+02
2.049487e+01, 1.800000e+02
2.036232e+01, 1.800000e+02
2.022357e+01, 1.800000e+02
2.007872e+01, 1.800000e+02
1.992786e+01, 1.800000e+02
1.977109e+01, 1.800000e+02
1.960851e+01, 1.800000e+02
1.944020e+01, 1.800000e+02
1.926627e+01, 1.800000e+02
1.908682e+01, 1.800000e+02
1.890194e+01, 1.800000e+02
1.871174e+01, 1.800000e+02
1.851632e+01, 1.800000e+02
1.831579e+01, 1.800000e+02
1.811024e+01, 1.800000e+02
1.789978e+01, 1.800000e+02
1.768452e+01, 1.800000e+02
1.746456e+01, 1.800000e+02
1.724001e+01, 1.800000e+02
1.701097e+01, 1.800000e+02
1.677755e+01, 1.800000e+02
1.653987e+01, 1.800000e+02
1.629802e+01, 1.800000e+02
1.605213e+01, 1.800000e+02
1.580229e+01, 1.800000e+02
1.554862e+01, 1.800000e+02
1.529123e+01, 1.800000e+02
1.503024e+01, 1.800000e+02
1.476574e+01, 1.800000e+02
1.449786e+01, 1.800000e+02
1.422671e+01, 1.800000e+02
1.395240e+01, 1.800000e+02
1.367503e+01, 1.800000e+02
1.339474e+01, 1.800000e+02
1.311162e+01, 1.800000e+02
1.282579e+01, 1.800000e+02
1.253736e+01, 1.800000e+02
1.224646e+01, 1.800000e+02
1.195318e+01, 1.800000e+02
1.165765e+01, 1.800000e+02
1.135997e+01, 1.800000e+02
1.106026e+01, 1.800000e+02
1.075864e+01, 1.800000e+02
1.045522e+01, 1.800000e+02
1.015010e+01, 1.800000e+02
9.843409e+00, 1.800000e+02
9.535251e+00, 1.800000e+02
9.225740e+00, 1.800000e+02
8.914989e+00, 1.800000e+02
8.603109e+00, 1.800000e+02
8.290211e+00, 1.800000e+02
7.976406e+00, 1.800000e+02
7.661806e+00, 1.800000e+02
7.346519e+00, 1.800000e+02
7.030656e+00, 1.800000e+02
6.714327e+00, 1.800000e+02
6.397639e+00, 1.800000e+02
6.080701e+00, 1.800000e+02
5.763621e+00, 1.800000e+02
5.446505e+00, 1.800000e+02
5.129461e+00, 1.800000e+02
4.812593e+00, 1.800000e+02
4.496007e+00, 1.800000e+02
4.179807e+00, 1.800000e+02
3.864097e+00, 1.800000e+02
3.548980e+00, 1.800000e+02
3.234557e+00, 1.800000e+02
2.920930e+00, 1.800000e+02
2.608199e+00, 1.800000e+02
2.296465e+00, 1.800000e+02
1.985825e+00, 1.800000e+02
1.676377e+00, 1.800000e+02
1.368218e+00, 1.800000e+02
1.061444e+00, 1.800000e+02
7.561492e-01, 1.800000e+02
4.524283e-01, 1.800000e+02
1.503737e-01, 1.800000e+02
1.499228e-01, 0.000000e+00
4.483706e-01, 0.000000e+00
7.448802e-01, 0.000000e+00
1.039363e+00, 0.000000e+00
1.331732e+00, 0.000000e+00
1.621901e+00, 0.000000e+00
1.909784e+00, 0.000000e+00
2.195299e+00, 0.000000e+00
2.478362e+00, 0.000000e+00
2.758893e+00, 0.000000e+00
3.036811e+00, 0.000000e+00
3.312038e+00, 0.000000e+00
3.584495e+00, 0.000000e+00
3.854108e+00, 0.000000e+00
4.120801e+00, 0.000000e+00
4.384500e+00, 0.000000e+00
4.645134e+00, 0.000000e+00
4.902632e+00, 0.000000e+00
5.156924e+00, 0.000000e+00
5.407943e+00, 0.000000e+00
5.655621e+00, 0.000000e+00
5.899895e+00, 0.000000e+00
6.140700e+00, 0.000000e+00
6.377974e+00, 0.000000e+00
6.611656e+00, 0.000000e+00
6.841687e+00, 0.000000e+00
7.068010e+00, 0.000000e+00
7.290568e+00, 0.000000e+00
7.509306e+00, 0.000000e+00
7.724172e+00, 0.000000e+00
7.935113e+00, 0.000000e+00
8.142079e+00, 0.000000e+00
8.345022e+00, 0.000000e+00
8.543895e+00, 0.000000e+00
8.738652e+00, 0.000000e+00
8.929249e+00, 0.000000e+00
9.115645e+00, 0.000000e+00
9.297798e+00, 0.000000e+00
9.475669e+00, 0.000000e+00
9.649221e+00, 0.000000e+00
9.818417e+00, 0.000000e+00
9.983224e+00, 0.000000e+00
1.014361e+01, 0.000000e+00
1.029954e+01, 0.000000e+00
1.045099e+01, 0.000000e+00
1.059792e+01, 0.000000e+00
1.074032e+01, 0.000000e+00
1.087816e+01, 0.000000e+00
1.101141e+01, 0.000000e+00
1.114006e+01, 0.000000e+00
1.126408e+01, 0.000000e+00
1.138345e+01, 0.000000e+00
1.149816e+01, 0.000000e+00
1.160820e+01, 0.000000e+00
1.171355e+01, 0.000000e+00
1.181419e+01, 0.000000e+00
1.191012e+01, 0.000000e+00
1.200134e+01, 0.000000e+00
1.208782e+01, 0.000000e+00
1.216957e+01, 0.000000e+00
1.224659e+01, 0.000000e+00
1.231886e+01, 0.000000e+00
1.238640e+01, 0.000000e+00
1.244919e+01, 0.000000e+00
1.250725e+01, 0.000000e+00
1.256058e+01, 0.000000e+00
1.260918e+01, 0.000000e+00
1.265306e+01, 0.000000e+00
1.269222e+01, 0.000000e+00
1.272669e+01, 0.000000e+00
1.275646e+01, 0.000000e+00
1.278156e+01, 0.000000e+00
1.280199e+01, 0.000000e+00
1.281778e+01, 0.000000e+00
1.282894e+01, 0.000000e+00
1.283549e+01, 0.000000e+00
1.283744e+01, 0.000000e+00
1.283483e+01, 0.000000e+00
1.282767e+01, 0.000000e+00
1.281600e+01, 0.000000e+00
1.279982e+01, 0.000000e+00
1.277918e+01, 0.000000e+00
1.275410e+01, 0.000000e+00
1.272461e+01, 0.000000e+00
1.269074e+01, 0.000000e+00
1.265253e+01, 0.000000e+00
1.261001e+01, 0.000000e+00
1.256321e+01, 0.000000e+00
1.251217e+01, 0.000000e+00
1.245692e+01, 0.000000e+00
1.239752e+01, 0.000000e+00
1.233399e+01, 0.000000e+00
1.226638e+01, 0.000000e+00
1.219472e+01, 0.000000e+00
1.211908e+01, 0.000000e+00
1.203948e+01, 0.000000e+00
1.195597e+01, 0.000000e+00
1.186861e+01, 0.000000e+00
1.177744e+01, 0.000000e+00
1.168250e+01, 0.000000e+00
1.158386e+01, 0.000000e+00
1.148155e+01, 0.000000e+00
1.137564e+01, 0.000000e+00
1.126617e+01, 0.000000e+00
1.115319e+01, 0.000000e+00
1.103678e+01, 0.000000e+00
1.091697e+01, 0.000000e+00
1.079383e+01, 0.000000e+00
1.066741e+01, 0.000000e+00
1.053777e+01, 0.000000e+00
1.040498e+01, 0.000000e+00
1.026909e+01, 0.000000e+00
1.013016e+01, 0.000000e+00
9.988251e+00, 0.000000e+00
9.843431e+00, 0.000000e+00
9.695760e+00, 0.000000e+00
9.545303e+00, 0.000000e+00
9.392122e+00, 0.000000e+00
9.236284e+00, 0.000000e+00
9.077854e+00, 0.000000e+00
8.916898e+00, 0.000000e+00
8.753483e+00, 0.000000e+00
8.587675e+00, 0.000000e+00
8.419544e+00, 0.000000e+00
8.249157e+00, 0.000000e+00
8.076582e+00, 0.000000e+00
7.901890e+00, 0.000000e+00
7.725149e+00, 0.000000e+00
7.546430e+00, 0.000000e+00
7.365803e+00, 0.000000e+00
7.183339e+00, 0.000000e+00
6.999109e+00, 0.000000e+00
6.813184e+00, 0.000000e+00
6.625636e+00, 0.000000e+00
6.436536e+00, 0.000000e+00
6.245957e+00, 0.000000e+00
6.053971e+00, 0.000000e+00
5.860650e+00, 0.000000e+00
5.666068e+00, 0.000000e+00
5.470296e+00, 0.000000e+00
5.273407e+00, 0.000000e+00
5.075476e+00, 0.000000e+00
4.876573e+00, 0.000000e+00
4.676773e+00, 0.000000e+00
4.476148e+00, 0.000000e+00
4.274772e+00, 0.000000e+00
4.072717e+00, 0.000000e+00
3.870056e+00, 0.000000e+00
3.666862e+00, 0.000000e+00
3.463208e+00, 0.000000e+00
3.259165e+00, 0.000000e+00
3.054807e+00, 0.000000e+00
2.850206e+00, 0.000000e+00
2.645433e+00, 0.000000e+00
2.440560e+00, 0.000000e+00
2.235659e+00, 0.000000e+00
2.030801e+00, 0.000000e+00
1.826056e+00, 0.000000e+00
1.621496e+00, 0.000000e+00
1.417191e+00, 0.000000e+00
1.213210e+00, 0.000000e+00
1.009623e+00, 0.000000e+00
8.064992e-01, 0.000000e+00
6.039070e-01, 0.000000e+00
4.019146e-01, 0.000000e+00
2.005899e-01, 0.000000e+00
3.898043e-15, 0.000000e+00
##END= 
