##TITLE= 
##JCAMP-DX= 5.00 Bruker JCAMP library
##DATA TYPE= Shape Data
##ORIGIN= Bruker BioSpin GmbH
##OWNER= <demo>
##DATE= 2016/11/04
##TIME= 17:15:18
##$SHAPE_PARAMETERS= Type: TanhTan ; Total Sweep-Width [Hz] 300000.0 ; Length of Pulse [usec] 50.0 ; Value for zeta 10.0 ; Value for tan(kappa) 20.0 ; 1=High to low field, -1=Low to high field -1.0 ; gB1Max=16635.7868 ; Expand: 5 0 330 60 330 0
##MINX= 0.000000E00
##MAXX= 1.000000E02
##MINY= 0.000000E00
##MAXY= 3.594861E02
##$SHAPE_EXMODE= Adiabatic
##$SHAPE_TOTROT= 9.000000E01
##$SHAPE_TYPE= Inversion
##$SHAPE_USER_DEF= 
##$SHAPE_REPHFAC= 
##$SHAPE_BWFAC= -2.222000E00
##$SHAPE_BWFAC50= 
##$SHAPE_INTEGFAC= 9.523810E-02
##$SHAPE_MODE= 0
##NPOINTS= 1250
##XYPOINTS= (XY..XY)
0.000000E00, 1.330163E02
8.047079E00, 1.232826E02
1.599061E01, 1.153100E02
2.373231E01, 1.085595E02
3.118385E01, 1.027073E02
3.827057E01, 9.754359E01
4.493384E01, 9.292453E01
5.113205E01, 8.874727E01
5.684036E01, 8.493569E01
6.204931E01, 8.143188E01
6.676281E01, 7.819076E01
7.099568E01, 7.517653E01
7.477103E01, 7.236033E01
7.811785E01, 6.971849E01
8.106878E01, 6.723143E01
8.365827E01, 6.488269E01
8.592110E01, 6.265838E01
8.789126E01, 6.054660E01
8.960113E01, 5.853714E01
9.108102E01, 5.662112E01
9.235879E01, 5.479081E01
9.345977E01, 5.303942E01
9.440672E01, 5.136095E01
9.521996E01, 4.975009E01
9.591743E01, 4.820210E01
9.651496E01, 4.671274E01
9.702635E01, 4.527820E01
9.746368E01, 4.389506E01
9.783739E01, 4.256019E01
9.815655E01, 4.127079E01
9.842899E01, 4.002428E01
9.866143E01, 3.881832E01
9.885968E01, 3.765077E01
9.902871E01, 3.651965E01
9.917279E01, 3.542316E01
9.929557E01, 3.435962E01
9.940019E01, 3.332750E01
9.948930E01, 3.232536E01
9.956521E01, 3.135188E01
9.962985E01, 3.040583E01
9.968490E01, 2.948606E01
9.973177E01, 2.859151E01
9.977168E01, 2.772118E01
9.980566E01, 2.687414E01
9.983458E01, 2.604951E01
9.985921E01, 2.524648E01
9.988016E01, 2.446429E01
9.989801E01, 2.370220E01
9.991319E01, 2.295954E01
9.992612E01, 2.223567E01
9.993712E01, 2.152999E01
9.994648E01, 2.084193E01
9.995445E01, 2.017095E01
9.996124E01, 1.951654E01
9.996701E01, 1.887821E01
9.997192E01, 1.825553E01
9.997610E01, 1.764804E01
9.997966E01, 1.705534E01
9.998269E01, 1.647704E01
9.998527E01, 1.591277E01
9.998746E01, 1.536218E01
9.998933E01, 1.482493E01
9.999092E01, 1.430070E01
9.999227E01, 1.378920E01
9.999342E01, 1.329012E01
9.999440E01, 1.280319E01
9.999524E01, 1.232816E01
9.999595E01, 1.186476E01
9.999655E01, 1.141276E01
9.999706E01, 1.097192E01
9.999750E01, 1.054203E01
9.999787E01, 1.012288E01
9.999819E01, 9.714261E00
9.999846E01, 9.315989E00
9.999869E01, 8.927876E00
9.999888E01, 8.549747E00
9.999905E01, 8.181433E00
9.999919E01, 7.822773E00
9.999931E01, 7.473611E00
9.999941E01, 7.133799E00
9.999950E01, 6.803196E00
9.999958E01, 6.481665E00
9.999964E01, 6.169075E00
9.999969E01, 5.865302E00
9.999974E01, 5.570225E00
9.999978E01, 5.283730E00
9.999981E01, 5.005707E00
9.999984E01, 4.736049E00
9.999986E01, 4.474657E00
9.999988E01, 4.221433E00
9.999990E01, 3.976285E00
9.999992E01, 3.739124E00
9.999993E01, 3.509864E00
9.999994E01, 3.288426E00
9.999995E01, 3.074730E00
9.999996E01, 2.868703E00
9.999996E01, 2.670275E00
9.999997E01, 2.479376E00
9.999997E01, 2.295944E00
9.999998E01, 2.119916E00
9.999998E01, 1.951234E00
9.999998E01, 1.789842E00
9.999999E01, 1.635687E00
9.999999E01, 1.488720E00
9.999999E01, 1.348893E00
9.999999E01, 1.216160E00
9.999999E01, 1.090481E00
9.999999E01, 9.718142E-01
9.999999E01, 8.601230E-01
1.000000E02, 7.553723E-01
1.000000E02, 6.575293E-01
1.000000E02, 5.665637E-01
1.000000E02, 4.824474E-01
1.000000E02, 4.051544E-01
1.000000E02, 3.346611E-01
1.000000E02, 2.709457E-01
1.000000E02, 2.139890E-01
1.000000E02, 1.637735E-01
1.000000E02, 1.202841E-01
1.000000E02, 8.350755E-02
1.000000E02, 5.343276E-02
1.000000E02, 3.005065E-02
1.000000E02, 1.335417E-02
1.000000E02, 3.338291E-03
1.000000E02, 0.000000E00
1.000000E02, 0.000000E00
1.000000E02, 3.338291E-03
1.000000E02, 1.335417E-02
1.000000E02, 3.005065E-02
1.000000E02, 5.343276E-02
1.000000E02, 8.350755E-02
1.000000E02, 1.202841E-01
1.000000E02, 1.637735E-01
1.000000E02, 2.139890E-01
1.000000E02, 2.709457E-01
1.000000E02, 3.346611E-01
1.000000E02, 4.051544E-01
1.000000E02, 4.824474E-01
1.000000E02, 5.665637E-01
1.000000E02, 6.575293E-01
1.000000E02, 7.553723E-01
9.999999E01, 8.601230E-01
9.999999E01, 9.718142E-01
9.999999E01, 1.090481E00
9.999999E01, 1.216160E00
9.999999E01, 1.348893E00
9.999999E01, 1.488720E00
9.999999E01, 1.635687E00
9.999998E01, 1.789842E00
9.999998E01, 1.951234E00
9.999998E01, 2.119916E00
9.999997E01, 2.295944E00
9.999997E01, 2.479376E00
9.999996E01, 2.670275E00
9.999996E01, 2.868703E00
9.999995E01, 3.074730E00
9.999994E01, 3.288426E00
9.999993E01, 3.509864E00
9.999992E01, 3.739124E00
9.999990E01, 3.976285E00
9.999988E01, 4.221433E00
9.999986E01, 4.474657E00
9.999984E01, 4.736049E00
9.999981E01, 5.005707E00
9.999978E01, 5.283730E00
9.999974E01, 5.570225E00
9.999969E01, 5.865302E00
9.999964E01, 6.169075E00
9.999958E01, 6.481665E00
9.999950E01, 6.803196E00
9.999941E01, 7.133799E00
9.999931E01, 7.473611E00
9.999919E01, 7.822773E00
9.999905E01, 8.181433E00
9.999888E01, 8.549747E00
9.999869E01, 8.927876E00
9.999846E01, 9.315989E00
9.999819E01, 9.714261E00
9.999787E01, 1.012288E01
9.999750E01, 1.054203E01
9.999706E01, 1.097192E01
9.999655E01, 1.141276E01
9.999595E01, 1.186476E01
9.999524E01, 1.232816E01
9.999440E01, 1.280319E01
9.999342E01, 1.329012E01
9.999227E01, 1.378920E01
9.999092E01, 1.430070E01
9.998933E01, 1.482493E01
9.998746E01, 1.536218E01
9.998527E01, 1.591277E01
9.998269E01, 1.647704E01
9.997966E01, 1.705534E01
9.997610E01, 1.764804E01
9.997192E01, 1.825553E01
9.996701E01, 1.887821E01
9.996124E01, 1.951654E01
9.995445E01, 2.017095E01
9.994648E01, 2.084193E01
9.993712E01, 2.152999E01
9.992612E01, 2.223567E01
9.991319E01, 2.295954E01
9.989801E01, 2.370220E01
9.988016E01, 2.446429E01
9.985921E01, 2.524648E01
9.983458E01, 2.604951E01
9.980566E01, 2.687414E01
9.977168E01, 2.772118E01
9.973177E01, 2.859151E01
9.968490E01, 2.948606E01
9.962985E01, 3.040583E01
9.956521E01, 3.135188E01
9.948930E01, 3.232536E01
9.940019E01, 3.332750E01
9.929557E01, 3.435962E01
9.917279E01, 3.542316E01
9.902871E01, 3.651965E01
9.885968E01, 3.765077E01
9.866143E01, 3.881832E01
9.842899E01, 4.002428E01
9.815655E01, 4.127079E01
9.783739E01, 4.256019E01
9.746368E01, 4.389506E01
9.702635E01, 4.527820E01
9.651496E01, 4.671274E01
9.591743E01, 4.820210E01
9.521996E01, 4.975009E01
9.440672E01, 5.136095E01
9.345977E01, 5.303942E01
9.235879E01, 5.479081E01
9.108102E01, 5.662112E01
8.960113E01, 5.853714E01
8.789126E01, 6.054660E01
8.592110E01, 6.265838E01
8.365827E01, 6.488269E01
8.106878E01, 6.723143E01
7.811785E01, 6.971849E01
7.477103E01, 7.236033E01
7.099568E01, 7.517653E01
6.676281E01, 7.819076E01
6.204931E01, 8.143188E01
5.684036E01, 8.493569E01
5.113205E01, 8.874727E01
4.493384E01, 9.292453E01
3.827057E01, 9.754359E01
3.118385E01, 1.027073E02
2.373231E01, 1.085595E02
1.599061E01, 1.153100E02
8.047079E00, 1.232826E02
0.000000E00, 1.330163E02
0.000000E00, 1.030163E02
8.047079E00, 9.328262E01
1.599061E01, 8.530999E01
2.373231E01, 7.855949E01
3.118385E01, 7.270731E01
3.827057E01, 6.754359E01
4.493384E01, 6.292453E01
5.113205E01, 5.874727E01
5.684036E01, 5.493569E01
6.204931E01, 5.143188E01
6.676281E01, 4.819076E01
7.099568E01, 4.517653E01
7.477103E01, 4.236033E01
7.811785E01, 3.971849E01
8.106878E01, 3.723143E01
8.365827E01, 3.488269E01
8.592110E01, 3.265838E01
8.789126E01, 3.054660E01
8.960113E01, 2.853714E01
9.108102E01, 2.662112E01
9.235879E01, 2.479081E01
9.345977E01, 2.303942E01
9.440672E01, 2.136095E01
9.521996E01, 1.975009E01
9.591743E01, 1.820210E01
9.651496E01, 1.671274E01
9.702635E01, 1.527820E01
9.746368E01, 1.389506E01
9.783739E01, 1.256019E01
9.815655E01, 1.127079E01
9.842899E01, 1.002428E01
9.866143E01, 8.818321E00
9.885968E01, 7.650769E00
9.902871E01, 6.519652E00
9.917279E01, 5.423161E00
9.929557E01, 4.359624E00
9.940019E01, 3.327499E00
9.948930E01, 2.325358E00
9.956521E01, 1.351877E00
9.962985E01, 4.058254E-01
9.968490E01, 3.594861E02
9.973177E01, 3.585915E02
9.977168E01, 3.577212E02
9.980566E01, 3.568741E02
9.983458E01, 3.560495E02
9.985921E01, 3.552465E02
9.988016E01, 3.544643E02
9.989801E01, 3.537022E02
9.991319E01, 3.529595E02
9.992612E01, 3.522357E02
9.993712E01, 3.515300E02
9.994648E01, 3.508419E02
9.995445E01, 3.501709E02
9.996124E01, 3.495165E02
9.996701E01, 3.488782E02
9.997192E01, 3.482555E02
9.997610E01, 3.476480E02
9.997966E01, 3.470553E02
9.998269E01, 3.464770E02
9.998527E01, 3.459128E02
9.998746E01, 3.453622E02
9.998933E01, 3.448249E02
9.999092E01, 3.443007E02
9.999227E01, 3.437892E02
9.999342E01, 3.432901E02
9.999440E01, 3.428032E02
9.999524E01, 3.423282E02
9.999595E01, 3.418648E02
9.999655E01, 3.414128E02
9.999706E01, 3.409719E02
9.999750E01, 3.405420E02
9.999787E01, 3.401229E02
9.999819E01, 3.397143E02
9.999846E01, 3.393160E02
9.999869E01, 3.389279E02
9.999888E01, 3.385497E02
9.999905E01, 3.381814E02
9.999919E01, 3.378228E02
9.999931E01, 3.374736E02
9.999941E01, 3.371338E02
9.999950E01, 3.368032E02
9.999958E01, 3.364817E02
9.999964E01, 3.361691E02
9.999969E01, 3.358653E02
9.999974E01, 3.355702E02
9.999978E01, 3.352837E02
9.999981E01, 3.350057E02
9.999984E01, 3.347360E02
9.999986E01, 3.344747E02
9.999988E01, 3.342214E02
9.999990E01, 3.339763E02
9.999992E01, 3.337391E02
9.999993E01, 3.335099E02
9.999994E01, 3.332884E02
9.999995E01, 3.330747E02
9.999996E01, 3.328687E02
9.999996E01, 3.326703E02
9.999997E01, 3.324794E02
9.999997E01, 3.322959E02
9.999998E01, 3.321199E02
9.999998E01, 3.319512E02
9.999998E01, 3.317898E02
9.999999E01, 3.316357E02
9.999999E01, 3.314887E02
9.999999E01, 3.313489E02
9.999999E01, 3.312162E02
9.999999E01, 3.310905E02
9.999999E01, 3.309718E02
9.999999E01, 3.308601E02
1.000000E02, 3.307554E02
1.000000E02, 3.306575E02
1.000000E02, 3.305666E02
1.000000E02, 3.304824E02
1.000000E02, 3.304052E02
1.000000E02, 3.303347E02
1.000000E02, 3.302709E02
1.000000E02, 3.302140E02
1.000000E02, 3.301638E02
1.000000E02, 3.301203E02
1.000000E02, 3.300835E02
1.000000E02, 3.300534E02
1.000000E02, 3.300301E02
1.000000E02, 3.300134E02
1.000000E02, 3.300033E02
1.000000E02, 3.300000E02
1.000000E02, 3.300000E02
1.000000E02, 3.300033E02
1.000000E02, 3.300134E02
1.000000E02, 3.300301E02
1.000000E02, 3.300534E02
1.000000E02, 3.300835E02
1.000000E02, 3.301203E02
1.000000E02, 3.301638E02
1.000000E02, 3.302140E02
1.000000E02, 3.302709E02
1.000000E02, 3.303347E02
1.000000E02, 3.304052E02
1.000000E02, 3.304824E02
1.000000E02, 3.305666E02
1.000000E02, 3.306575E02
1.000000E02, 3.307554E02
9.999999E01, 3.308601E02
9.999999E01, 3.309718E02
9.999999E01, 3.310905E02
9.999999E01, 3.312162E02
9.999999E01, 3.313489E02
9.999999E01, 3.314887E02
9.999999E01, 3.316357E02
9.999998E01, 3.317898E02
9.999998E01, 3.319512E02
9.999998E01, 3.321199E02
9.999997E01, 3.322959E02
9.999997E01, 3.324794E02
9.999996E01, 3.326703E02
9.999996E01, 3.328687E02
9.999995E01, 3.330747E02
9.999994E01, 3.332884E02
9.999993E01, 3.335099E02
9.999992E01, 3.337391E02
9.999990E01, 3.339763E02
9.999988E01, 3.342214E02
9.999986E01, 3.344747E02
9.999984E01, 3.347360E02
9.999981E01, 3.350057E02
9.999978E01, 3.352837E02
9.999974E01, 3.355702E02
9.999969E01, 3.358653E02
9.999964E01, 3.361691E02
9.999958E01, 3.364817E02
9.999950E01, 3.368032E02
9.999941E01, 3.371338E02
9.999931E01, 3.374736E02
9.999919E01, 3.378228E02
9.999905E01, 3.381814E02
9.999888E01, 3.385497E02
9.999869E01, 3.389279E02
9.999846E01, 3.393160E02
9.999819E01, 3.397143E02
9.999787E01, 3.401229E02
9.999750E01, 3.405420E02
9.999706E01, 3.409719E02
9.999655E01, 3.414128E02
9.999595E01, 3.418648E02
9.999524E01, 3.423282E02
9.999440E01, 3.428032E02
9.999342E01, 3.432901E02
9.999227E01, 3.437892E02
9.999092E01, 3.443007E02
9.998933E01, 3.448249E02
9.998746E01, 3.453622E02
9.998527E01, 3.459128E02
9.998269E01, 3.464770E02
9.997966E01, 3.470553E02
9.997610E01, 3.476480E02
9.997192E01, 3.482555E02
9.996701E01, 3.488782E02
9.996124E01, 3.495165E02
9.995445E01, 3.501709E02
9.994648E01, 3.508419E02
9.993712E01, 3.515300E02
9.992612E01, 3.522357E02
9.991319E01, 3.529595E02
9.989801E01, 3.537022E02
9.988016E01, 3.544643E02
9.985921E01, 3.552465E02
9.983458E01, 3.560495E02
9.980566E01, 3.568741E02
9.977168E01, 3.577212E02
9.973177E01, 3.585915E02
9.968490E01, 3.594861E02
9.962985E01, 4.058254E-01
9.956521E01, 1.351877E00
9.948930E01, 2.325358E00
9.940019E01, 3.327499E00
9.929557E01, 4.359624E00
9.917279E01, 5.423161E00
9.902871E01, 6.519652E00
9.885968E01, 7.650769E00
9.866143E01, 8.818321E00
9.842899E01, 1.002428E01
9.815655E01, 1.127079E01
9.783739E01, 1.256019E01
9.746368E01, 1.389506E01
9.702635E01, 1.527820E01
9.651496E01, 1.671274E01
9.591743E01, 1.820210E01
9.521996E01, 1.975009E01
9.440672E01, 2.136095E01
9.345977E01, 2.303942E01
9.235879E01, 2.479081E01
9.108102E01, 2.662112E01
8.960113E01, 2.853714E01
8.789126E01, 3.054660E01
8.592110E01, 3.265838E01
8.365827E01, 3.488269E01
8.106878E01, 3.723143E01
7.811785E01, 3.971849E01
7.477103E01, 4.236033E01
7.099568E01, 4.517653E01
6.676281E01, 4.819076E01
6.204931E01, 5.143188E01
5.684036E01, 5.493569E01
5.113205E01, 5.874727E01
4.493384E01, 6.292453E01
3.827057E01, 6.754359E01
3.118385E01, 7.270731E01
2.373231E01, 7.855949E01
1.599061E01, 8.530999E01
8.047079E00, 9.328262E01
0.000000E00, 1.030163E02
0.000000E00, 1.930163E02
8.047079E00, 1.832826E02
1.599061E01, 1.753100E02
2.373231E01, 1.685595E02
3.118385E01, 1.627073E02
3.827057E01, 1.575436E02
4.493384E01, 1.529245E02
5.113205E01, 1.487473E02
5.684036E01, 1.449357E02
6.204931E01, 1.414319E02
6.676281E01, 1.381908E02
7.099568E01, 1.351765E02
7.477103E01, 1.323603E02
7.811785E01, 1.297185E02
8.106878E01, 1.272314E02
8.365827E01, 1.248827E02
8.592110E01, 1.226584E02
8.789126E01, 1.205466E02
8.960113E01, 1.185371E02
9.108102E01, 1.166211E02
9.235879E01, 1.147908E02
9.345977E01, 1.130394E02
9.440672E01, 1.113610E02
9.521996E01, 1.097501E02
9.591743E01, 1.082021E02
9.651496E01, 1.067127E02
9.702635E01, 1.052782E02
9.746368E01, 1.038951E02
9.783739E01, 1.025602E02
9.815655E01, 1.012708E02
9.842899E01, 1.000243E02
9.866143E01, 9.881832E01
9.885968E01, 9.765077E01
9.902871E01, 9.651965E01
9.917279E01, 9.542316E01
9.929557E01, 9.435962E01
9.940019E01, 9.332750E01
9.948930E01, 9.232536E01
9.956521E01, 9.135188E01
9.962985E01, 9.040583E01
9.968490E01, 8.948606E01
9.973177E01, 8.859151E01
9.977168E01, 8.772118E01
9.980566E01, 8.687414E01
9.983458E01, 8.604951E01
9.985921E01, 8.524648E01
9.988016E01, 8.446429E01
9.989801E01, 8.370220E01
9.991319E01, 8.295954E01
9.992612E01, 8.223567E01
9.993712E01, 8.152999E01
9.994648E01, 8.084193E01
9.995445E01, 8.017095E01
9.996124E01, 7.951654E01
9.996701E01, 7.887821E01
9.997192E01, 7.825553E01
9.997610E01, 7.764804E01
9.997966E01, 7.705534E01
9.998269E01, 7.647704E01
9.998527E01, 7.591277E01
9.998746E01, 7.536218E01
9.998933E01, 7.482493E01
9.999092E01, 7.430070E01
9.999227E01, 7.378920E01
9.999342E01, 7.329012E01
9.999440E01, 7.280319E01
9.999524E01, 7.232816E01
9.999595E01, 7.186476E01
9.999655E01, 7.141276E01
9.999706E01, 7.097192E01
9.999750E01, 7.054203E01
9.999787E01, 7.012288E01
9.999819E01, 6.971426E01
9.999846E01, 6.931599E01
9.999869E01, 6.892788E01
9.999888E01, 6.854975E01
9.999905E01, 6.818143E01
9.999919E01, 6.782277E01
9.999931E01, 6.747361E01
9.999941E01, 6.713380E01
9.999950E01, 6.680320E01
9.999958E01, 6.648166E01
9.999964E01, 6.616908E01
9.999969E01, 6.586530E01
9.999974E01, 6.557023E01
9.999978E01, 6.528373E01
9.999981E01, 6.500571E01
9.999984E01, 6.473605E01
9.999986E01, 6.447466E01
9.999988E01, 6.422143E01
9.999990E01, 6.397629E01
9.999992E01, 6.373912E01
9.999993E01, 6.350986E01
9.999994E01, 6.328843E01
9.999995E01, 6.307473E01
9.999996E01, 6.286870E01
9.999996E01, 6.267027E01
9.999997E01, 6.247938E01
9.999997E01, 6.229594E01
9.999998E01, 6.211992E01
9.999998E01, 6.195123E01
9.999998E01, 6.178984E01
9.999999E01, 6.163569E01
9.999999E01, 6.148872E01
9.999999E01, 6.134889E01
9.999999E01, 6.121616E01
9.999999E01, 6.109048E01
9.999999E01, 6.097181E01
9.999999E01, 6.086012E01
1.000000E02, 6.075537E01
1.000000E02, 6.065753E01
1.000000E02, 6.056656E01
1.000000E02, 6.048245E01
1.000000E02, 6.040515E01
1.000000E02, 6.033466E01
1.000000E02, 6.027095E01
1.000000E02, 6.021399E01
1.000000E02, 6.016377E01
1.000000E02, 6.012028E01
1.000000E02, 6.008351E01
1.000000E02, 6.005343E01
1.000000E02, 6.003005E01
1.000000E02, 6.001335E01
1.000000E02, 6.000334E01
1.000000E02, 6.000000E01
1.000000E02, 6.000000E01
1.000000E02, 6.000334E01
1.000000E02, 6.001335E01
1.000000E02, 6.003005E01
1.000000E02, 6.005343E01
1.000000E02, 6.008351E01
1.000000E02, 6.012028E01
1.000000E02, 6.016377E01
1.000000E02, 6.021399E01
1.000000E02, 6.027095E01
1.000000E02, 6.033466E01
1.000000E02, 6.040515E01
1.000000E02, 6.048245E01
1.000000E02, 6.056656E01
1.000000E02, 6.065753E01
1.000000E02, 6.075537E01
9.999999E01, 6.086012E01
9.999999E01, 6.097181E01
9.999999E01, 6.109048E01
9.999999E01, 6.121616E01
9.999999E01, 6.134889E01
9.999999E01, 6.148872E01
9.999999E01, 6.163569E01
9.999998E01, 6.178984E01
9.999998E01, 6.195123E01
9.999998E01, 6.211992E01
9.999997E01, 6.229594E01
9.999997E01, 6.247938E01
9.999996E01, 6.267027E01
9.999996E01, 6.286870E01
9.999995E01, 6.307473E01
9.999994E01, 6.328843E01
9.999993E01, 6.350986E01
9.999992E01, 6.373912E01
9.999990E01, 6.397629E01
9.999988E01, 6.422143E01
9.999986E01, 6.447466E01
9.999984E01, 6.473605E01
9.999981E01, 6.500571E01
9.999978E01, 6.528373E01
9.999974E01, 6.557023E01
9.999969E01, 6.586530E01
9.999964E01, 6.616908E01
9.999958E01, 6.648166E01
9.999950E01, 6.680320E01
9.999941E01, 6.713380E01
9.999931E01, 6.747361E01
9.999919E01, 6.782277E01
9.999905E01, 6.818143E01
9.999888E01, 6.854975E01
9.999869E01, 6.892788E01
9.999846E01, 6.931599E01
9.999819E01, 6.971426E01
9.999787E01, 7.012288E01
9.999750E01, 7.054203E01
9.999706E01, 7.097192E01
9.999655E01, 7.141276E01
9.999595E01, 7.186476E01
9.999524E01, 7.232816E01
9.999440E01, 7.280319E01
9.999342E01, 7.329012E01
9.999227E01, 7.378920E01
9.999092E01, 7.430070E01
9.998933E01, 7.482493E01
9.998746E01, 7.536218E01
9.998527E01, 7.591277E01
9.998269E01, 7.647704E01
9.997966E01, 7.705534E01
9.997610E01, 7.764804E01
9.997192E01, 7.825553E01
9.996701E01, 7.887821E01
9.996124E01, 7.951654E01
9.995445E01, 8.017095E01
9.994648E01, 8.084193E01
9.993712E01, 8.152999E01
9.992612E01, 8.223567E01
9.991319E01, 8.295954E01
9.989801E01, 8.370220E01
9.988016E01, 8.446429E01
9.985921E01, 8.524648E01
9.983458E01, 8.604951E01
9.980566E01, 8.687414E01
9.977168E01, 8.772118E01
9.973177E01, 8.859151E01
9.968490E01, 8.948606E01
9.962985E01, 9.040583E01
9.956521E01, 9.135188E01
9.948930E01, 9.232536E01
9.940019E01, 9.332750E01
9.929557E01, 9.435962E01
9.917279E01, 9.542316E01
9.902871E01, 9.651965E01
9.885968E01, 9.765077E01
9.866143E01, 9.881832E01
9.842899E01, 1.000243E02
9.815655E01, 1.012708E02
9.783739E01, 1.025602E02
9.746368E01, 1.038951E02
9.702635E01, 1.052782E02
9.651496E01, 1.067127E02
9.591743E01, 1.082021E02
9.521996E01, 1.097501E02
9.440672E01, 1.113610E02
9.345977E01, 1.130394E02
9.235879E01, 1.147908E02
9.108102E01, 1.166211E02
8.960113E01, 1.185371E02
8.789126E01, 1.205466E02
8.592110E01, 1.226584E02
8.365827E01, 1.248827E02
8.106878E01, 1.272314E02
7.811785E01, 1.297185E02
7.477103E01, 1.323603E02
7.099568E01, 1.351765E02
6.676281E01, 1.381908E02
6.204931E01, 1.414319E02
5.684036E01, 1.449357E02
5.113205E01, 1.487473E02
4.493384E01, 1.529245E02
3.827057E01, 1.575436E02
3.118385E01, 1.627073E02
2.373231E01, 1.685595E02
1.599061E01, 1.753100E02
8.047079E00, 1.832826E02
0.000000E00, 1.930163E02
0.000000E00, 1.030163E02
8.047079E00, 9.328262E01
1.599061E01, 8.530999E01
2.373231E01, 7.855949E01
3.118385E01, 7.270731E01
3.827057E01, 6.754359E01
4.493384E01, 6.292453E01
5.113205E01, 5.874727E01
5.684036E01, 5.493569E01
6.204931E01, 5.143188E01
6.676281E01, 4.819076E01
7.099568E01, 4.517653E01
7.477103E01, 4.236033E01
7.811785E01, 3.971849E01
8.106878E01, 3.723143E01
8.365827E01, 3.488269E01
8.592110E01, 3.265838E01
8.789126E01, 3.054660E01
8.960113E01, 2.853714E01
9.108102E01, 2.662112E01
9.235879E01, 2.479081E01
9.345977E01, 2.303942E01
9.440672E01, 2.136095E01
9.521996E01, 1.975009E01
9.591743E01, 1.820210E01
9.651496E01, 1.671274E01
9.702635E01, 1.527820E01
9.746368E01, 1.389506E01
9.783739E01, 1.256019E01
9.815655E01, 1.127079E01
9.842899E01, 1.002428E01
9.866143E01, 8.818321E00
9.885968E01, 7.650769E00
9.902871E01, 6.519652E00
9.917279E01, 5.423161E00
9.929557E01, 4.359624E00
9.940019E01, 3.327499E00
9.948930E01, 2.325358E00
9.956521E01, 1.351877E00
9.962985E01, 4.058254E-01
9.968490E01, 3.594861E02
9.973177E01, 3.585915E02
9.977168E01, 3.577212E02
9.980566E01, 3.568741E02
9.983458E01, 3.560495E02
9.985921E01, 3.552465E02
9.988016E01, 3.544643E02
9.989801E01, 3.537022E02
9.991319E01, 3.529595E02
9.992612E01, 3.522357E02
9.993712E01, 3.515300E02
9.994648E01, 3.508419E02
9.995445E01, 3.501709E02
9.996124E01, 3.495165E02
9.996701E01, 3.488782E02
9.997192E01, 3.482555E02
9.997610E01, 3.476480E02
9.997966E01, 3.470553E02
9.998269E01, 3.464770E02
9.998527E01, 3.459128E02
9.998746E01, 3.453622E02
9.998933E01, 3.448249E02
9.999092E01, 3.443007E02
9.999227E01, 3.437892E02
9.999342E01, 3.432901E02
9.999440E01, 3.428032E02
9.999524E01, 3.423282E02
9.999595E01, 3.418648E02
9.999655E01, 3.414128E02
9.999706E01, 3.409719E02
9.999750E01, 3.405420E02
9.999787E01, 3.401229E02
9.999819E01, 3.397143E02
9.999846E01, 3.393160E02
9.999869E01, 3.389279E02
9.999888E01, 3.385497E02
9.999905E01, 3.381814E02
9.999919E01, 3.378228E02
9.999931E01, 3.374736E02
9.999941E01, 3.371338E02
9.999950E01, 3.368032E02
9.999958E01, 3.364817E02
9.999964E01, 3.361691E02
9.999969E01, 3.358653E02
9.999974E01, 3.355702E02
9.999978E01, 3.352837E02
9.999981E01, 3.350057E02
9.999984E01, 3.347360E02
9.999986E01, 3.344747E02
9.999988E01, 3.342214E02
9.999990E01, 3.339763E02
9.999992E01, 3.337391E02
9.999993E01, 3.335099E02
9.999994E01, 3.332884E02
9.999995E01, 3.330747E02
9.999996E01, 3.328687E02
9.999996E01, 3.326703E02
9.999997E01, 3.324794E02
9.999997E01, 3.322959E02
9.999998E01, 3.321199E02
9.999998E01, 3.319512E02
9.999998E01, 3.317898E02
9.999999E01, 3.316357E02
9.999999E01, 3.314887E02
9.999999E01, 3.313489E02
9.999999E01, 3.312162E02
9.999999E01, 3.310905E02
9.999999E01, 3.309718E02
9.999999E01, 3.308601E02
1.000000E02, 3.307554E02
1.000000E02, 3.306575E02
1.000000E02, 3.305666E02
1.000000E02, 3.304824E02
1.000000E02, 3.304052E02
1.000000E02, 3.303347E02
1.000000E02, 3.302709E02
1.000000E02, 3.302140E02
1.000000E02, 3.301638E02
1.000000E02, 3.301203E02
1.000000E02, 3.300835E02
1.000000E02, 3.300534E02
1.000000E02, 3.300301E02
1.000000E02, 3.300134E02
1.000000E02, 3.300033E02
1.000000E02, 3.300000E02
1.000000E02, 3.300000E02
1.000000E02, 3.300033E02
1.000000E02, 3.300134E02
1.000000E02, 3.300301E02
1.000000E02, 3.300534E02
1.000000E02, 3.300835E02
1.000000E02, 3.301203E02
1.000000E02, 3.301638E02
1.000000E02, 3.302140E02
1.000000E02, 3.302709E02
1.000000E02, 3.303347E02
1.000000E02, 3.304052E02
1.000000E02, 3.304824E02
1.000000E02, 3.305666E02
1.000000E02, 3.306575E02
1.000000E02, 3.307554E02
9.999999E01, 3.308601E02
9.999999E01, 3.309718E02
9.999999E01, 3.310905E02
9.999999E01, 3.312162E02
9.999999E01, 3.313489E02
9.999999E01, 3.314887E02
9.999999E01, 3.316357E02
9.999998E01, 3.317898E02
9.999998E01, 3.319512E02
9.999998E01, 3.321199E02
9.999997E01, 3.322959E02
9.999997E01, 3.324794E02
9.999996E01, 3.326703E02
9.999996E01, 3.328687E02
9.999995E01, 3.330747E02
9.999994E01, 3.332884E02
9.999993E01, 3.335099E02
9.999992E01, 3.337391E02
9.999990E01, 3.339763E02
9.999988E01, 3.342214E02
9.999986E01, 3.344747E02
9.999984E01, 3.347360E02
9.999981E01, 3.350057E02
9.999978E01, 3.352837E02
9.999974E01, 3.355702E02
9.999969E01, 3.358653E02
9.999964E01, 3.361691E02
9.999958E01, 3.364817E02
9.999950E01, 3.368032E02
9.999941E01, 3.371338E02
9.999931E01, 3.374736E02
9.999919E01, 3.378228E02
9.999905E01, 3.381814E02
9.999888E01, 3.385497E02
9.999869E01, 3.389279E02
9.999846E01, 3.393160E02
9.999819E01, 3.397143E02
9.999787E01, 3.401229E02
9.999750E01, 3.405420E02
9.999706E01, 3.409719E02
9.999655E01, 3.414128E02
9.999595E01, 3.418648E02
9.999524E01, 3.423282E02
9.999440E01, 3.428032E02
9.999342E01, 3.432901E02
9.999227E01, 3.437892E02
9.999092E01, 3.443007E02
9.998933E01, 3.448249E02
9.998746E01, 3.453622E02
9.998527E01, 3.459128E02
9.998269E01, 3.464770E02
9.997966E01, 3.470553E02
9.997610E01, 3.476480E02
9.997192E01, 3.482555E02
9.996701E01, 3.488782E02
9.996124E01, 3.495165E02
9.995445E01, 3.501709E02
9.994648E01, 3.508419E02
9.993712E01, 3.515300E02
9.992612E01, 3.522357E02
9.991319E01, 3.529595E02
9.989801E01, 3.537022E02
9.988016E01, 3.544643E02
9.985921E01, 3.552465E02
9.983458E01, 3.560495E02
9.980566E01, 3.568741E02
9.977168E01, 3.577212E02
9.973177E01, 3.585915E02
9.968490E01, 3.594861E02
9.962985E01, 4.058254E-01
9.956521E01, 1.351877E00
9.948930E01, 2.325358E00
9.940019E01, 3.327499E00
9.929557E01, 4.359624E00
9.917279E01, 5.423161E00
9.902871E01, 6.519652E00
9.885968E01, 7.650769E00
9.866143E01, 8.818321E00
9.842899E01, 1.002428E01
9.815655E01, 1.127079E01
9.783739E01, 1.256019E01
9.746368E01, 1.389506E01
9.702635E01, 1.527820E01
9.651496E01, 1.671274E01
9.591743E01, 1.820210E01
9.521996E01, 1.975009E01
9.440672E01, 2.136095E01
9.345977E01, 2.303942E01
9.235879E01, 2.479081E01
9.108102E01, 2.662112E01
8.960113E01, 2.853714E01
8.789126E01, 3.054660E01
8.592110E01, 3.265838E01
8.365827E01, 3.488269E01
8.106878E01, 3.723143E01
7.811785E01, 3.971849E01
7.477103E01, 4.236033E01
7.099568E01, 4.517653E01
6.676281E01, 4.819076E01
6.204931E01, 5.143188E01
5.684036E01, 5.493569E01
5.113205E01, 5.874727E01
4.493384E01, 6.292453E01
3.827057E01, 6.754359E01
3.118385E01, 7.270731E01
2.373231E01, 7.855949E01
1.599061E01, 8.530999E01
8.047079E00, 9.328262E01
0.000000E00, 1.030163E02
0.000000E00, 1.330163E02
8.047079E00, 1.232826E02
1.599061E01, 1.153100E02
2.373231E01, 1.085595E02
3.118385E01, 1.027073E02
3.827057E01, 9.754359E01
4.493384E01, 9.292453E01
5.113205E01, 8.874727E01
5.684036E01, 8.493569E01
6.204931E01, 8.143188E01
6.676281E01, 7.819076E01
7.099568E01, 7.517653E01
7.477103E01, 7.236033E01
7.811785E01, 6.971849E01
8.106878E01, 6.723143E01
8.365827E01, 6.488269E01
8.592110E01, 6.265838E01
8.789126E01, 6.054660E01
8.960113E01, 5.853714E01
9.108102E01, 5.662112E01
9.235879E01, 5.479081E01
9.345977E01, 5.303942E01
9.440672E01, 5.136095E01
9.521996E01, 4.975009E01
9.591743E01, 4.820210E01
9.651496E01, 4.671274E01
9.702635E01, 4.527820E01
9.746368E01, 4.389506E01
9.783739E01, 4.256019E01
9.815655E01, 4.127079E01
9.842899E01, 4.002428E01
9.866143E01, 3.881832E01
9.885968E01, 3.765077E01
9.902871E01, 3.651965E01
9.917279E01, 3.542316E01
9.929557E01, 3.435962E01
9.940019E01, 3.332750E01
9.948930E01, 3.232536E01
9.956521E01, 3.135188E01
9.962985E01, 3.040583E01
9.968490E01, 2.948606E01
9.973177E01, 2.859151E01
9.977168E01, 2.772118E01
9.980566E01, 2.687414E01
9.983458E01, 2.604951E01
9.985921E01, 2.524648E01
9.988016E01, 2.446429E01
9.989801E01, 2.370220E01
9.991319E01, 2.295954E01
9.992612E01, 2.223567E01
9.993712E01, 2.152999E01
9.994648E01, 2.084193E01
9.995445E01, 2.017095E01
9.996124E01, 1.951654E01
9.996701E01, 1.887821E01
9.997192E01, 1.825553E01
9.997610E01, 1.764804E01
9.997966E01, 1.705534E01
9.998269E01, 1.647704E01
9.998527E01, 1.591277E01
9.998746E01, 1.536218E01
9.998933E01, 1.482493E01
9.999092E01, 1.430070E01
9.999227E01, 1.378920E01
9.999342E01, 1.329012E01
9.999440E01, 1.280319E01
9.999524E01, 1.232816E01
9.999595E01, 1.186476E01
9.999655E01, 1.141276E01
9.999706E01, 1.097192E01
9.999750E01, 1.054203E01
9.999787E01, 1.012288E01
9.999819E01, 9.714261E00
9.999846E01, 9.315989E00
9.999869E01, 8.927876E00
9.999888E01, 8.549747E00
9.999905E01, 8.181433E00
9.999919E01, 7.822773E00
9.999931E01, 7.473611E00
9.999941E01, 7.133799E00
9.999950E01, 6.803196E00
9.999958E01, 6.481665E00
9.999964E01, 6.169075E00
9.999969E01, 5.865302E00
9.999974E01, 5.570225E00
9.999978E01, 5.283730E00
9.999981E01, 5.005707E00
9.999984E01, 4.736049E00
9.999986E01, 4.474657E00
9.999988E01, 4.221433E00
9.999990E01, 3.976285E00
9.999992E01, 3.739124E00
9.999993E01, 3.509864E00
9.999994E01, 3.288426E00
9.999995E01, 3.074730E00
9.999996E01, 2.868703E00
9.999996E01, 2.670275E00
9.999997E01, 2.479376E00
9.999997E01, 2.295944E00
9.999998E01, 2.119916E00
9.999998E01, 1.951234E00
9.999998E01, 1.789842E00
9.999999E01, 1.635687E00
9.999999E01, 1.488720E00
9.999999E01, 1.348893E00
9.999999E01, 1.216160E00
9.999999E01, 1.090481E00
9.999999E01, 9.718142E-01
9.999999E01, 8.601230E-01
1.000000E02, 7.553723E-01
1.000000E02, 6.575293E-01
1.000000E02, 5.665637E-01
1.000000E02, 4.824474E-01
1.000000E02, 4.051544E-01
1.000000E02, 3.346611E-01
1.000000E02, 2.709457E-01
1.000000E02, 2.139890E-01
1.000000E02, 1.637735E-01
1.000000E02, 1.202841E-01
1.000000E02, 8.350755E-02
1.000000E02, 5.343276E-02
1.000000E02, 3.005065E-02
1.000000E02, 1.335417E-02
1.000000E02, 3.338291E-03
1.000000E02, 0.000000E00
1.000000E02, 0.000000E00
1.000000E02, 3.338291E-03
1.000000E02, 1.335417E-02
1.000000E02, 3.005065E-02
1.000000E02, 5.343276E-02
1.000000E02, 8.350755E-02
1.000000E02, 1.202841E-01
1.000000E02, 1.637735E-01
1.000000E02, 2.139890E-01
1.000000E02, 2.709457E-01
1.000000E02, 3.346611E-01
1.000000E02, 4.051544E-01
1.000000E02, 4.824474E-01
1.000000E02, 5.665637E-01
1.000000E02, 6.575293E-01
1.000000E02, 7.553723E-01
9.999999E01, 8.601230E-01
9.999999E01, 9.718142E-01
9.999999E01, 1.090481E00
9.999999E01, 1.216160E00
9.999999E01, 1.348893E00
9.999999E01, 1.488720E00
9.999999E01, 1.635687E00
9.999998E01, 1.789842E00
9.999998E01, 1.951234E00
9.999998E01, 2.119916E00
9.999997E01, 2.295944E00
9.999997E01, 2.479376E00
9.999996E01, 2.670275E00
9.999996E01, 2.868703E00
9.999995E01, 3.074730E00
9.999994E01, 3.288426E00
9.999993E01, 3.509864E00
9.999992E01, 3.739124E00
9.999990E01, 3.976285E00
9.999988E01, 4.221433E00
9.999986E01, 4.474657E00
9.999984E01, 4.736049E00
9.999981E01, 5.005707E00
9.999978E01, 5.283730E00
9.999974E01, 5.570225E00
9.999969E01, 5.865302E00
9.999964E01, 6.169075E00
9.999958E01, 6.481665E00
9.999950E01, 6.803196E00
9.999941E01, 7.133799E00
9.999931E01, 7.473611E00
9.999919E01, 7.822773E00
9.999905E01, 8.181433E00
9.999888E01, 8.549747E00
9.999869E01, 8.927876E00
9.999846E01, 9.315989E00
9.999819E01, 9.714261E00
9.999787E01, 1.012288E01
9.999750E01, 1.054203E01
9.999706E01, 1.097192E01
9.999655E01, 1.141276E01
9.999595E01, 1.186476E01
9.999524E01, 1.232816E01
9.999440E01, 1.280319E01
9.999342E01, 1.329012E01
9.999227E01, 1.378920E01
9.999092E01, 1.430070E01
9.998933E01, 1.482493E01
9.998746E01, 1.536218E01
9.998527E01, 1.591277E01
9.998269E01, 1.647704E01
9.997966E01, 1.705534E01
9.997610E01, 1.764804E01
9.997192E01, 1.825553E01
9.996701E01, 1.887821E01
9.996124E01, 1.951654E01
9.995445E01, 2.017095E01
9.994648E01, 2.084193E01
9.993712E01, 2.152999E01
9.992612E01, 2.223567E01
9.991319E01, 2.295954E01
9.989801E01, 2.370220E01
9.988016E01, 2.446429E01
9.985921E01, 2.524648E01
9.983458E01, 2.604951E01
9.980566E01, 2.687414E01
9.977168E01, 2.772118E01
9.973177E01, 2.859151E01
9.968490E01, 2.948606E01
9.962985E01, 3.040583E01
9.956521E01, 3.135188E01
9.948930E01, 3.232536E01
9.940019E01, 3.332750E01
9.929557E01, 3.435962E01
9.917279E01, 3.542316E01
9.902871E01, 3.651965E01
9.885968E01, 3.765077E01
9.866143E01, 3.881832E01
9.842899E01, 4.002428E01
9.815655E01, 4.127079E01
9.783739E01, 4.256019E01
9.746368E01, 4.389506E01
9.702635E01, 4.527820E01
9.651496E01, 4.671274E01
9.591743E01, 4.820210E01
9.521996E01, 4.975009E01
9.440672E01, 5.136095E01
9.345977E01, 5.303942E01
9.235879E01, 5.479081E01
9.108102E01, 5.662112E01
8.960113E01, 5.853714E01
8.789126E01, 6.054660E01
8.592110E01, 6.265838E01
8.365827E01, 6.488269E01
8.106878E01, 6.723143E01
7.811785E01, 6.971849E01
7.477103E01, 7.236033E01
7.099568E01, 7.517653E01
6.676281E01, 7.819076E01
6.204931E01, 8.143188E01
5.684036E01, 8.493569E01
5.113205E01, 8.874727E01
4.493384E01, 9.292453E01
3.827057E01, 9.754359E01
3.118385E01, 1.027073E02
2.373231E01, 1.085595E02
1.599061E01, 1.153100E02
8.047079E00, 1.232826E02
0.000000E00, 1.330163E02
##END=
