##TITLE= Tanhtan: 300kHz, 50us
##JCAMP-DX= 5.00 Bruker JCAMP library
##DATA TYPE= Shape Data
##ORIGIN= Bruker BioSpin GmbH
##OWNER= <demo>
##DATE= 2005/09/22
##TIME= 18:00:29
##$SHAPE_PARAMETERS= Type: TanhTan ; Total Sweep-Width [Hz] 300000.0 ; Length of Pulse [usec] 50.0 ; Value for zeta 10.0 ; Value for tan(kappa) 20.0 ; 1=High to low field, -1=Low to high field -1.0
##MINX= 0.000000E00
##MAXX= 1.000000E02
##MINY= 0.000000E00
##MAXY= 1.330163E02
##$SHAPE_EXMODE= Adiabatic
##$SHAPE_TOTROT= 1.800000E02
##$SHAPE_TYPE= Inversion
##$SHAPE_USER_DEF= 
##$SHAPE_REPHFAC= 
##$SHAPE_BWFAC= 4.620000E-01
##$SHAPE_BWFAC50= 
##$SHAPE_INTEGFAC= 8.563999E-01
##$SHAPE_MODE= 0
##NPOINTS= 250
##XYPOINTS= (XY..XY)
0.000000E00, 1.330163E02
8.047079E00, 1.232826E02
1.599061E01, 1.153100E02
2.373231E01, 1.085595E02
3.118385E01, 1.027073E02
3.827057E01, 9.754359E01
4.493384E01, 9.292453E01
5.113205E01, 8.874727E01
5.684036E01, 8.493569E01
6.204931E01, 8.143188E01
6.676281E01, 7.819076E01
7.099568E01, 7.517653E01
7.477103E01, 7.236033E01
7.811785E01, 6.971849E01
8.106878E01, 6.723143E01
8.365827E01, 6.488269E01
8.592110E01, 6.265838E01
8.789126E01, 6.054660E01
8.960113E01, 5.853714E01
9.108102E01, 5.662112E01
9.235879E01, 5.479081E01
9.345977E01, 5.303942E01
9.440672E01, 5.136095E01
9.521996E01, 4.975009E01
9.591743E01, 4.820210E01
9.651496E01, 4.671274E01
9.702635E01, 4.527820E01
9.746368E01, 4.389506E01
9.783739E01, 4.256019E01
9.815655E01, 4.127079E01
9.842899E01, 4.002428E01
9.866143E01, 3.881832E01
9.885968E01, 3.765077E01
9.902871E01, 3.651965E01
9.917279E01, 3.542316E01
9.929557E01, 3.435962E01
9.940019E01, 3.332750E01
9.948930E01, 3.232536E01
9.956521E01, 3.135188E01
9.962985E01, 3.040583E01
9.968490E01, 2.948606E01
9.973177E01, 2.859151E01
9.977168E01, 2.772118E01
9.980566E01, 2.687414E01
9.983458E01, 2.604951E01
9.985921E01, 2.524648E01
9.988016E01, 2.446429E01
9.989801E01, 2.370220E01
9.991319E01, 2.295954E01
9.992612E01, 2.223567E01
9.993712E01, 2.152999E01
9.994648E01, 2.084193E01
9.995445E01, 2.017095E01
9.996124E01, 1.951654E01
9.996701E01, 1.887821E01
9.997192E01, 1.825553E01
9.997610E01, 1.764804E01
9.997966E01, 1.705534E01
9.998269E01, 1.647704E01
9.998527E01, 1.591277E01
9.998746E01, 1.536218E01
9.998933E01, 1.482493E01
9.999092E01, 1.430070E01
9.999227E01, 1.378920E01
9.999342E01, 1.329012E01
9.999440E01, 1.280319E01
9.999524E01, 1.232816E01
9.999595E01, 1.186476E01
9.999655E01, 1.141276E01
9.999706E01, 1.097192E01
9.999750E01, 1.054203E01
9.999787E01, 1.012288E01
9.999819E01, 9.714261E00
9.999846E01, 9.315989E00
9.999869E01, 8.927876E00
9.999888E01, 8.549747E00
9.999905E01, 8.181433E00
9.999919E01, 7.822773E00
9.999931E01, 7.473611E00
9.999941E01, 7.133799E00
9.999950E01, 6.803196E00
9.999958E01, 6.481665E00
9.999964E01, 6.169075E00
9.999969E01, 5.865302E00
9.999974E01, 5.570225E00
9.999978E01, 5.283730E00
9.999981E01, 5.005707E00
9.999984E01, 4.736049E00
9.999986E01, 4.474657E00
9.999988E01, 4.221433E00
9.999990E01, 3.976285E00
9.999992E01, 3.739124E00
9.999993E01, 3.509864E00
9.999994E01, 3.288426E00
9.999995E01, 3.074730E00
9.999996E01, 2.868703E00
9.999996E01, 2.670275E00
9.999997E01, 2.479376E00
9.999997E01, 2.295944E00
9.999998E01, 2.119916E00
9.999998E01, 1.951234E00
9.999998E01, 1.789842E00
9.999999E01, 1.635687E00
9.999999E01, 1.488720E00
9.999999E01, 1.348893E00
9.999999E01, 1.216160E00
9.999999E01, 1.090481E00
9.999999E01, 9.718142E-01
9.999999E01, 8.601230E-01
1.000000E02, 7.553723E-01
1.000000E02, 6.575293E-01
1.000000E02, 5.665637E-01
1.000000E02, 4.824474E-01
1.000000E02, 4.051544E-01
1.000000E02, 3.346611E-01
1.000000E02, 2.709457E-01
1.000000E02, 2.139890E-01
1.000000E02, 1.637735E-01
1.000000E02, 1.202841E-01
1.000000E02, 8.350755E-02
1.000000E02, 5.343276E-02
1.000000E02, 3.005065E-02
1.000000E02, 1.335417E-02
1.000000E02, 3.338291E-03
1.000000E02, 0.000000E00
1.000000E02, 0.000000E00
1.000000E02, 3.338291E-03
1.000000E02, 1.335417E-02
1.000000E02, 3.005065E-02
1.000000E02, 5.343276E-02
1.000000E02, 8.350755E-02
1.000000E02, 1.202841E-01
1.000000E02, 1.637735E-01
1.000000E02, 2.139890E-01
1.000000E02, 2.709457E-01
1.000000E02, 3.346611E-01
1.000000E02, 4.051544E-01
1.000000E02, 4.824474E-01
1.000000E02, 5.665637E-01
1.000000E02, 6.575293E-01
1.000000E02, 7.553723E-01
9.999999E01, 8.601230E-01
9.999999E01, 9.718142E-01
9.999999E01, 1.090481E00
9.999999E01, 1.216160E00
9.999999E01, 1.348893E00
9.999999E01, 1.488720E00
9.999999E01, 1.635687E00
9.999998E01, 1.789842E00
9.999998E01, 1.951234E00
9.999998E01, 2.119916E00
9.999997E01, 2.295944E00
9.999997E01, 2.479376E00
9.999996E01, 2.670275E00
9.999996E01, 2.868703E00
9.999995E01, 3.074730E00
9.999994E01, 3.288426E00
9.999993E01, 3.509864E00
9.999992E01, 3.739124E00
9.999990E01, 3.976285E00
9.999988E01, 4.221433E00
9.999986E01, 4.474657E00
9.999984E01, 4.736049E00
9.999981E01, 5.005707E00
9.999978E01, 5.283730E00
9.999974E01, 5.570225E00
9.999969E01, 5.865302E00
9.999964E01, 6.169075E00
9.999958E01, 6.481665E00
9.999950E01, 6.803196E00
9.999941E01, 7.133799E00
9.999931E01, 7.473611E00
9.999919E01, 7.822773E00
9.999905E01, 8.181433E00
9.999888E01, 8.549747E00
9.999869E01, 8.927876E00
9.999846E01, 9.315989E00
9.999819E01, 9.714261E00
9.999787E01, 1.012288E01
9.999750E01, 1.054203E01
9.999706E01, 1.097192E01
9.999655E01, 1.141276E01
9.999595E01, 1.186476E01
9.999524E01, 1.232816E01
9.999440E01, 1.280319E01
9.999342E01, 1.329012E01
9.999227E01, 1.378920E01
9.999092E01, 1.430070E01
9.998933E01, 1.482493E01
9.998746E01, 1.536218E01
9.998527E01, 1.591277E01
9.998269E01, 1.647704E01
9.997966E01, 1.705534E01
9.997610E01, 1.764804E01
9.997192E01, 1.825553E01
9.996701E01, 1.887821E01
9.996124E01, 1.951654E01
9.995445E01, 2.017095E01
9.994648E01, 2.084193E01
9.993712E01, 2.152999E01
9.992612E01, 2.223567E01
9.991319E01, 2.295954E01
9.989801E01, 2.370220E01
9.988016E01, 2.446429E01
9.985921E01, 2.524648E01
9.983458E01, 2.604951E01
9.980566E01, 2.687414E01
9.977168E01, 2.772118E01
9.973177E01, 2.859151E01
9.968490E01, 2.948606E01
9.962985E01, 3.040583E01
9.956521E01, 3.135188E01
9.948930E01, 3.232536E01
9.940019E01, 3.332750E01
9.929557E01, 3.435962E01
9.917279E01, 3.542316E01
9.902871E01, 3.651965E01
9.885968E01, 3.765077E01
9.866143E01, 3.881832E01
9.842899E01, 4.002428E01
9.815655E01, 4.127079E01
9.783739E01, 4.256019E01
9.746368E01, 4.389506E01
9.702635E01, 4.527820E01
9.651496E01, 4.671274E01
9.591743E01, 4.820210E01
9.521996E01, 4.975009E01
9.440672E01, 5.136095E01
9.345977E01, 5.303942E01
9.235879E01, 5.479081E01
9.108102E01, 5.662112E01
8.960113E01, 5.853714E01
8.789126E01, 6.054660E01
8.592110E01, 6.265838E01
8.365827E01, 6.488269E01
8.106878E01, 6.723143E01
7.811785E01, 6.971849E01
7.477103E01, 7.236033E01
7.099568E01, 7.517653E01
6.676281E01, 7.819076E01
6.204931E01, 8.143188E01
5.684036E01, 8.493569E01
5.113205E01, 8.874727E01
4.493384E01, 9.292453E01
3.827057E01, 9.754359E01
3.118385E01, 1.027073E02
2.373231E01, 1.085595E02
1.599061E01, 1.153100E02
8.047079E00, 1.232826E02
0.000000E00, 1.330163E02
##END
