##TITLE= /v/w3/exp/stan/nmr/lists/wave/xmodverif
##JCAMP-DX= 5.00 $$ Bruker JCAMP library
##DATA TYPE= Shape Data
##ORIGIN= Bruker France S.A.
##OWNER= <root,,,,,,,>
##DATE= 98/10/29
##TIME= 08:48:00
##MINX= 0.316228
##MAXX= 100.000000
##MINY= 0.000000
##MAXY= 0.000000
##$SHAPE_EXMODE= None
##$SHAPE_TOTROT= 0.000000
##$SHAPE_BWFAC= 0.000000
##$SHAPE_INTEGFAC= 1.000000
##$SHAPE_MODE= 1
##NPOINTS= 256
##XYPOINTS= (XY..XY)
3.162278e-01, 0.000000e+00
7.056175e-01, 0.000000e+00
1.095007e+00, 0.000000e+00
1.484397e+00, 0.000000e+00
1.873787e+00, 0.000000e+00
2.263176e+00, 0.000000e+00
2.652566e+00, 0.000000e+00
3.041956e+00, 0.000000e+00
3.431345e+00, 0.000000e+00
3.820735e+00, 0.000000e+00
4.210125e+00, 0.000000e+00
4.599515e+00, 0.000000e+00
4.988904e+00, 0.000000e+00
5.378294e+00, 0.000000e+00
5.767684e+00, 0.000000e+00
6.157074e+00, 0.000000e+00
6.546463e+00, 0.000000e+00
6.935853e+00, 0.000000e+00
7.325243e+00, 0.000000e+00
7.714633e+00, 0.000000e+00
8.104022e+00, 0.000000e+00
8.493412e+00, 0.000000e+00
8.882802e+00, 0.000000e+00
9.272192e+00, 0.000000e+00
9.661581e+00, 0.000000e+00
1.005097e+01, 0.000000e+00
1.044036e+01, 0.000000e+00
1.082975e+01, 0.000000e+00
1.121914e+01, 0.000000e+00
1.160853e+01, 0.000000e+00
1.199792e+01, 0.000000e+00
1.238731e+01, 0.000000e+00
1.277670e+01, 0.000000e+00
1.316609e+01, 0.000000e+00
1.355548e+01, 0.000000e+00
1.394487e+01, 0.000000e+00
1.433426e+01, 0.000000e+00
1.472365e+01, 0.000000e+00
1.511304e+01, 0.000000e+00
1.550243e+01, 0.000000e+00
1.589182e+01, 0.000000e+00
1.628121e+01, 0.000000e+00
1.667060e+01, 0.000000e+00
1.705998e+01, 0.000000e+00
1.744938e+01, 0.000000e+00
1.783876e+01, 0.000000e+00
1.822816e+01, 0.000000e+00
1.861754e+01, 0.000000e+00
1.900693e+01, 0.000000e+00
1.939632e+01, 0.000000e+00
1.978571e+01, 0.000000e+00
2.017510e+01, 0.000000e+00
2.056449e+01, 0.000000e+00
2.095388e+01, 0.000000e+00
2.134327e+01, 0.000000e+00
2.173266e+01, 0.000000e+00
2.212205e+01, 0.000000e+00
2.251144e+01, 0.000000e+00
2.290083e+01, 0.000000e+00
2.329022e+01, 0.000000e+00
2.367961e+01, 0.000000e+00
2.406900e+01, 0.000000e+00
2.445839e+01, 0.000000e+00
2.484778e+01, 0.000000e+00
2.523717e+01, 0.000000e+00
2.562656e+01, 0.000000e+00
2.601595e+01, 0.000000e+00
2.640534e+01, 0.000000e+00
2.679473e+01, 0.000000e+00
2.718412e+01, 0.000000e+00
2.757351e+01, 0.000000e+00
2.796290e+01, 0.000000e+00
2.835229e+01, 0.000000e+00
2.874168e+01, 0.000000e+00
2.913107e+01, 0.000000e+00
2.952046e+01, 0.000000e+00
2.990985e+01, 0.000000e+00
3.029924e+01, 0.000000e+00
3.068863e+01, 0.000000e+00
3.107801e+01, 0.000000e+00
3.146741e+01, 0.000000e+00
3.185679e+01, 0.000000e+00
3.224619e+01, 0.000000e+00
3.263557e+01, 0.000000e+00
3.302496e+01, 0.000000e+00
3.341435e+01, 0.000000e+00
3.380374e+01, 0.000000e+00
3.419313e+01, 0.000000e+00
3.458252e+01, 0.000000e+00
3.497191e+01, 0.000000e+00
3.536130e+01, 0.000000e+00
3.575069e+01, 0.000000e+00
3.614008e+01, 0.000000e+00
3.652947e+01, 0.000000e+00
3.691886e+01, 0.000000e+00
3.730825e+01, 0.000000e+00
3.769764e+01, 0.000000e+00
3.808703e+01, 0.000000e+00
3.847642e+01, 0.000000e+00
3.886581e+01, 0.000000e+00
3.925520e+01, 0.000000e+00
3.964459e+01, 0.000000e+00
4.003398e+01, 0.000000e+00
4.042337e+01, 0.000000e+00
4.081276e+01, 0.000000e+00
4.120215e+01, 0.000000e+00
4.159154e+01, 0.000000e+00
4.198093e+01, 0.000000e+00
4.237032e+01, 0.000000e+00
4.275971e+01, 0.000000e+00
4.314910e+01, 0.000000e+00
4.353849e+01, 0.000000e+00
4.392788e+01, 0.000000e+00
4.431726e+01, 0.000000e+00
4.470665e+01, 0.000000e+00
4.509605e+01, 0.000000e+00
4.548544e+01, 0.000000e+00
4.587482e+01, 0.000000e+00
4.626421e+01, 0.000000e+00
4.665360e+01, 0.000000e+00
4.704300e+01, 0.000000e+00
4.743238e+01, 0.000000e+00
4.782177e+01, 0.000000e+00
4.821116e+01, 0.000000e+00
4.860055e+01, 0.000000e+00
4.898994e+01, 0.000000e+00
4.937933e+01, 0.000000e+00
4.976872e+01, 0.000000e+00
5.015811e+01, 0.000000e+00
5.054750e+01, 0.000000e+00
5.093689e+01, 0.000000e+00
5.132628e+01, 0.000000e+00
5.171567e+01, 0.000000e+00
5.210506e+01, 0.000000e+00
5.249445e+01, 0.000000e+00
5.288384e+01, 0.000000e+00
5.327323e+01, 0.000000e+00
5.366262e+01, 0.000000e+00
5.405201e+01, 0.000000e+00
5.444140e+01, 0.000000e+00
5.483079e+01, 0.000000e+00
5.522018e+01, 0.000000e+00
5.560957e+01, 0.000000e+00
5.599896e+01, 0.000000e+00
5.638835e+01, 0.000000e+00
5.677774e+01, 0.000000e+00
5.716713e+01, 0.000000e+00
5.755651e+01, 0.000000e+00
5.794591e+01, 0.000000e+00
5.833530e+01, 0.000000e+00
5.872469e+01, 0.000000e+00
5.911407e+01, 0.000000e+00
5.950346e+01, 0.000000e+00
5.989285e+01, 0.000000e+00
6.028225e+01, 0.000000e+00
6.067163e+01, 0.000000e+00
6.106102e+01, 0.000000e+00
6.145041e+01, 0.000000e+00
6.183980e+01, 0.000000e+00
6.222919e+01, 0.000000e+00
6.261858e+01, 0.000000e+00
6.300797e+01, 0.000000e+00
6.339736e+01, 0.000000e+00
6.378675e+01, 0.000000e+00
6.417614e+01, 0.000000e+00
6.456554e+01, 0.000000e+00
6.495493e+01, 0.000000e+00
6.534431e+01, 0.000000e+00
6.573370e+01, 0.000000e+00
6.612309e+01, 0.000000e+00
6.651248e+01, 0.000000e+00
6.690187e+01, 0.000000e+00
6.729126e+01, 0.000000e+00
6.768066e+01, 0.000000e+00
6.807005e+01, 0.000000e+00
6.845943e+01, 0.000000e+00
6.884882e+01, 0.000000e+00
6.923821e+01, 0.000000e+00
6.962760e+01, 0.000000e+00
7.001699e+01, 0.000000e+00
7.040638e+01, 0.000000e+00
7.079577e+01, 0.000000e+00
7.118516e+01, 0.000000e+00
7.157455e+01, 0.000000e+00
7.196394e+01, 0.000000e+00
7.235333e+01, 0.000000e+00
7.274272e+01, 0.000000e+00
7.313211e+01, 0.000000e+00
7.352150e+01, 0.000000e+00
7.391089e+01, 0.000000e+00
7.430028e+01, 0.000000e+00
7.468967e+01, 0.000000e+00
7.507906e+01, 0.000000e+00
7.546844e+01, 0.000000e+00
7.585783e+01, 0.000000e+00
7.624723e+01, 0.000000e+00
7.663662e+01, 0.000000e+00
7.702601e+01, 0.000000e+00
7.741540e+01, 0.000000e+00
7.780479e+01, 0.000000e+00
7.819418e+01, 0.000000e+00
7.858356e+01, 0.000000e+00
7.897295e+01, 0.000000e+00
7.936234e+01, 0.000000e+00
7.975173e+01, 0.000000e+00
8.014112e+01, 0.000000e+00
8.053052e+01, 0.000000e+00
8.091991e+01, 0.000000e+00
8.130930e+01, 0.000000e+00
8.169868e+01, 0.000000e+00
8.208807e+01, 0.000000e+00
8.247746e+01, 0.000000e+00
8.286685e+01, 0.000000e+00
8.325624e+01, 0.000000e+00
8.364563e+01, 0.000000e+00
8.403502e+01, 0.000000e+00
8.442441e+01, 0.000000e+00
8.481380e+01, 0.000000e+00
8.520319e+01, 0.000000e+00
8.559258e+01, 0.000000e+00
8.598197e+01, 0.000000e+00
8.637136e+01, 0.000000e+00
8.676075e+01, 0.000000e+00
8.715014e+01, 0.000000e+00
8.753953e+01, 0.000000e+00
8.792892e+01, 0.000000e+00
8.831831e+01, 0.000000e+00
8.870770e+01, 0.000000e+00
8.909708e+01, 0.000000e+00
8.948648e+01, 0.000000e+00
8.987587e+01, 0.000000e+00
9.026526e+01, 0.000000e+00
9.065465e+01, 0.000000e+00
9.104404e+01, 0.000000e+00
9.143343e+01, 0.000000e+00
9.182281e+01, 0.000000e+00
9.221220e+01, 0.000000e+00
9.260159e+01, 0.000000e+00
9.299098e+01, 0.000000e+00
9.338037e+01, 0.000000e+00
9.376977e+01, 0.000000e+00
9.415916e+01, 0.000000e+00
9.454855e+01, 0.000000e+00
9.493793e+01, 0.000000e+00
9.532732e+01, 0.000000e+00
9.571671e+01, 0.000000e+00
9.610610e+01, 0.000000e+00
9.649549e+01, 0.000000e+00
9.688488e+01, 0.000000e+00
9.727427e+01, 0.000000e+00
9.766366e+01, 0.000000e+00
9.805305e+01, 0.000000e+00
9.844244e+01, 0.000000e+00
9.883183e+01, 0.000000e+00
9.922122e+01, 0.000000e+00
9.961061e+01, 0.000000e+00
1.000000e+02, 0.000000e+00
##END=
