##TITLE= /NMR/xwinnmr/w3.0b28/exp/stan/nmr/lists/wave/xTriangle
##JCAMP-DX= 5.00 Bruker JCAMP library
##DATA TYPE= Shape Data
##ORIGIN= Bruker Analytik GmbH
##OWNER= <jcs>
##DATE= 01/01/18
##TIME= 15:30:23
##$SHAPE_PARAMETERS= Type: Triangle 
##MINX= 0.000000e+00
##MAXX= 9.960784e+01
##MINY= 0.000000e+00
##MAXY= 0.000000e+00
##$SHAPE_EXMODE= Excitation
##$SHAPE_TOTROT= 9.000000e+01
##$SHAPE_BWFAC= 1.650000e+00
##$SHAPE_INTEGFAC= 4.980392e-01
##$SHAPE_MODE= 0
##NPOINTS= 256
##XYPOINTS= (XY..XY)
0.000000e+00, 0.000000e+00
7.843137e-01, 0.000000e+00
1.568627e+00, 0.000000e+00
2.352941e+00, 0.000000e+00
3.137255e+00, 0.000000e+00
3.921569e+00, 0.000000e+00
4.705882e+00, 0.000000e+00
5.490196e+00, 0.000000e+00
6.274510e+00, 0.000000e+00
7.058824e+00, 0.000000e+00
7.843137e+00, 0.000000e+00
8.627451e+00, 0.000000e+00
9.411765e+00, 0.000000e+00
1.019608e+01, 0.000000e+00
1.098039e+01, 0.000000e+00
1.176471e+01, 0.000000e+00
1.254902e+01, 0.000000e+00
1.333333e+01, 0.000000e+00
1.411765e+01, 0.000000e+00
1.490196e+01, 0.000000e+00
1.568627e+01, 0.000000e+00
1.647059e+01, 0.000000e+00
1.725490e+01, 0.000000e+00
1.803922e+01, 0.000000e+00
1.882353e+01, 0.000000e+00
1.960784e+01, 0.000000e+00
2.039216e+01, 0.000000e+00
2.117647e+01, 0.000000e+00
2.196078e+01, 0.000000e+00
2.274510e+01, 0.000000e+00
2.352941e+01, 0.000000e+00
2.431373e+01, 0.000000e+00
2.509804e+01, 0.000000e+00
2.588235e+01, 0.000000e+00
2.666667e+01, 0.000000e+00
2.745098e+01, 0.000000e+00
2.823529e+01, 0.000000e+00
2.901961e+01, 0.000000e+00
2.980392e+01, 0.000000e+00
3.058824e+01, 0.000000e+00
3.137255e+01, 0.000000e+00
3.215686e+01, 0.000000e+00
3.294118e+01, 0.000000e+00
3.372549e+01, 0.000000e+00
3.450980e+01, 0.000000e+00
3.529412e+01, 0.000000e+00
3.607843e+01, 0.000000e+00
3.686275e+01, 0.000000e+00
3.764706e+01, 0.000000e+00
3.843137e+01, 0.000000e+00
3.921569e+01, 0.000000e+00
4.000000e+01, 0.000000e+00
4.078431e+01, 0.000000e+00
4.156863e+01, 0.000000e+00
4.235294e+01, 0.000000e+00
4.313725e+01, 0.000000e+00
4.392157e+01, 0.000000e+00
4.470588e+01, 0.000000e+00
4.549020e+01, 0.000000e+00
4.627451e+01, 0.000000e+00
4.705882e+01, 0.000000e+00
4.784314e+01, 0.000000e+00
4.862745e+01, 0.000000e+00
4.941176e+01, 0.000000e+00
5.019608e+01, 0.000000e+00
5.098039e+01, 0.000000e+00
5.176471e+01, 0.000000e+00
5.254902e+01, 0.000000e+00
5.333333e+01, 0.000000e+00
5.411765e+01, 0.000000e+00
5.490196e+01, 0.000000e+00
5.568627e+01, 0.000000e+00
5.647059e+01, 0.000000e+00
5.725490e+01, 0.000000e+00
5.803922e+01, 0.000000e+00
5.882353e+01, 0.000000e+00
5.960784e+01, 0.000000e+00
6.039216e+01, 0.000000e+00
6.117647e+01, 0.000000e+00
6.196078e+01, 0.000000e+00
6.274510e+01, 0.000000e+00
6.352941e+01, 0.000000e+00
6.431373e+01, 0.000000e+00
6.509804e+01, 0.000000e+00
6.588235e+01, 0.000000e+00
6.666667e+01, 0.000000e+00
6.745098e+01, 0.000000e+00
6.823529e+01, 0.000000e+00
6.901961e+01, 0.000000e+00
6.980392e+01, 0.000000e+00
7.058824e+01, 0.000000e+00
7.137255e+01, 0.000000e+00
7.215686e+01, 0.000000e+00
7.294118e+01, 0.000000e+00
7.372549e+01, 0.000000e+00
7.450980e+01, 0.000000e+00
7.529412e+01, 0.000000e+00
7.607843e+01, 0.000000e+00
7.686275e+01, 0.000000e+00
7.764706e+01, 0.000000e+00
7.843137e+01, 0.000000e+00
7.921569e+01, 0.000000e+00
8.000000e+01, 0.000000e+00
8.078431e+01, 0.000000e+00
8.156863e+01, 0.000000e+00
8.235294e+01, 0.000000e+00
8.313725e+01, 0.000000e+00
8.392157e+01, 0.000000e+00
8.470588e+01, 0.000000e+00
8.549020e+01, 0.000000e+00
8.627451e+01, 0.000000e+00
8.705882e+01, 0.000000e+00
8.784314e+01, 0.000000e+00
8.862745e+01, 0.000000e+00
8.941176e+01, 0.000000e+00
9.019608e+01, 0.000000e+00
9.098039e+01, 0.000000e+00
9.176471e+01, 0.000000e+00
9.254902e+01, 0.000000e+00
9.333333e+01, 0.000000e+00
9.411765e+01, 0.000000e+00
9.490196e+01, 0.000000e+00
9.568627e+01, 0.000000e+00
9.647059e+01, 0.000000e+00
9.725490e+01, 0.000000e+00
9.803922e+01, 0.000000e+00
9.882353e+01, 0.000000e+00
9.960784e+01, 0.000000e+00
9.960784e+01, 0.000000e+00
9.882353e+01, 0.000000e+00
9.803922e+01, 0.000000e+00
9.725490e+01, 0.000000e+00
9.647059e+01, 0.000000e+00
9.568627e+01, 0.000000e+00
9.490196e+01, 0.000000e+00
9.411765e+01, 0.000000e+00
9.333333e+01, 0.000000e+00
9.254902e+01, 0.000000e+00
9.176471e+01, 0.000000e+00
9.098039e+01, 0.000000e+00
9.019608e+01, 0.000000e+00
8.941176e+01, 0.000000e+00
8.862745e+01, 0.000000e+00
8.784314e+01, 0.000000e+00
8.705882e+01, 0.000000e+00
8.627451e+01, 0.000000e+00
8.549020e+01, 0.000000e+00
8.470588e+01, 0.000000e+00
8.392157e+01, 0.000000e+00
8.313725e+01, 0.000000e+00
8.235294e+01, 0.000000e+00
8.156863e+01, 0.000000e+00
8.078431e+01, 0.000000e+00
8.000000e+01, 0.000000e+00
7.921569e+01, 0.000000e+00
7.843137e+01, 0.000000e+00
7.764706e+01, 0.000000e+00
7.686275e+01, 0.000000e+00
7.607843e+01, 0.000000e+00
7.529412e+01, 0.000000e+00
7.450980e+01, 0.000000e+00
7.372549e+01, 0.000000e+00
7.294118e+01, 0.000000e+00
7.215686e+01, 0.000000e+00
7.137255e+01, 0.000000e+00
7.058824e+01, 0.000000e+00
6.980392e+01, 0.000000e+00
6.901961e+01, 0.000000e+00
6.823529e+01, 0.000000e+00
6.745098e+01, 0.000000e+00
6.666667e+01, 0.000000e+00
6.588235e+01, 0.000000e+00
6.509804e+01, 0.000000e+00
6.431373e+01, 0.000000e+00
6.352941e+01, 0.000000e+00
6.274510e+01, 0.000000e+00
6.196078e+01, 0.000000e+00
6.117647e+01, 0.000000e+00
6.039216e+01, 0.000000e+00
5.960784e+01, 0.000000e+00
5.882353e+01, 0.000000e+00
5.803922e+01, 0.000000e+00
5.725490e+01, 0.000000e+00
5.647059e+01, 0.000000e+00
5.568627e+01, 0.000000e+00
5.490196e+01, 0.000000e+00
5.411765e+01, 0.000000e+00
5.333333e+01, 0.000000e+00
5.254902e+01, 0.000000e+00
5.176471e+01, 0.000000e+00
5.098039e+01, 0.000000e+00
5.019608e+01, 0.000000e+00
4.941176e+01, 0.000000e+00
4.862745e+01, 0.000000e+00
4.784314e+01, 0.000000e+00
4.705882e+01, 0.000000e+00
4.627451e+01, 0.000000e+00
4.549020e+01, 0.000000e+00
4.470588e+01, 0.000000e+00
4.392157e+01, 0.000000e+00
4.313725e+01, 0.000000e+00
4.235294e+01, 0.000000e+00
4.156863e+01, 0.000000e+00
4.078431e+01, 0.000000e+00
4.000000e+01, 0.000000e+00
3.921569e+01, 0.000000e+00
3.843137e+01, 0.000000e+00
3.764706e+01, 0.000000e+00
3.686275e+01, 0.000000e+00
3.607843e+01, 0.000000e+00
3.529412e+01, 0.000000e+00
3.450980e+01, 0.000000e+00
3.372549e+01, 0.000000e+00
3.294118e+01, 0.000000e+00
3.215686e+01, 0.000000e+00
3.137255e+01, 0.000000e+00
3.058824e+01, 0.000000e+00
2.980392e+01, 0.000000e+00
2.901961e+01, 0.000000e+00
2.823529e+01, 0.000000e+00
2.745098e+01, 0.000000e+00
2.666667e+01, 0.000000e+00
2.588235e+01, 0.000000e+00
2.509804e+01, 0.000000e+00
2.431373e+01, 0.000000e+00
2.352941e+01, 0.000000e+00
2.274510e+01, 0.000000e+00
2.196078e+01, 0.000000e+00
2.117647e+01, 0.000000e+00
2.039216e+01, 0.000000e+00
1.960784e+01, 0.000000e+00
1.882353e+01, 0.000000e+00
1.803922e+01, 0.000000e+00
1.725490e+01, 0.000000e+00
1.647059e+01, 0.000000e+00
1.568627e+01, 0.000000e+00
1.490196e+01, 0.000000e+00
1.411765e+01, 0.000000e+00
1.333333e+01, 0.000000e+00
1.254902e+01, 0.000000e+00
1.176471e+01, 0.000000e+00
1.098039e+01, 0.000000e+00
1.019608e+01, 0.000000e+00
9.411765e+00, 0.000000e+00
8.627451e+00, 0.000000e+00
7.843137e+00, 0.000000e+00
7.058824e+00, 0.000000e+00
6.274510e+00, 0.000000e+00
5.490196e+00, 0.000000e+00
4.705882e+00, 0.000000e+00
3.921569e+00, 0.000000e+00
3.137255e+00, 0.000000e+00
2.352941e+00, 0.000000e+00
1.568627e+00, 0.000000e+00
7.843137e-01, 0.000000e+00
0.000000e+00, 0.000000e+00
##END= 
