##TITLE= /u/exp/stan/nmr/lists/wave.hwt/zgaus085.80
##JCAMP-DX= 5.00 Bruker JCAMP library
##DATA TYPE= Shape Data
##ORIGIN= Bruker Analytik GmbH
##OWNER= <demo>
##DATE= 99/01/25
##TIME= 19:00:29
##MINX= 1.070837e+00
##MAXX= 8.500000e+01
##MINY= 0.000000e+00
##MAXY= 0.000000e+00
##$SHAPE_EXMODE= None
##$SHAPE_TOTROT= 0.000000e+00
##$SHAPE_BWFAC= 0.000000e+00
##$SHAPE_INTEGFAC= 3.672002e-01
##$SHAPE_MODE= 1
##NPOINTS= 80
##XYPOINTS= (XY..XY)
1.070837e+00, 0.000000e+00
1.340120e+00, 0.000000e+00
1.667248e+00, 0.000000e+00
2.062021e+00, 0.000000e+00
2.535259e+00, 0.000000e+00
3.098759e+00, 0.000000e+00
3.765215e+00, 0.000000e+00
4.548077e+00, 0.000000e+00
5.461379e+00, 0.000000e+00
6.519481e+00, 0.000000e+00
7.736777e+00, 0.000000e+00
9.127323e+00, 0.000000e+00
1.070442e+01, 0.000000e+00
1.248013e+01, 0.000000e+00
1.446477e+01, 0.000000e+00
1.666633e+01, 0.000000e+00
1.908995e+01, 0.000000e+00
2.173733e+01, 0.000000e+00
2.460615e+01, 0.000000e+00
2.768965e+01, 0.000000e+00
3.097616e+01, 0.000000e+00
3.444880e+01, 0.000000e+00
3.808525e+01, 0.000000e+00
4.185775e+01, 0.000000e+00
4.573317e+01, 0.000000e+00
4.967330e+01, 0.000000e+00
5.363533e+01, 0.000000e+00
5.757253e+01, 0.000000e+00
6.143500e+01, 0.000000e+00
6.517075e+01, 0.000000e+00
6.872679e+01, 0.000000e+00
7.205026e+01, 0.000000e+00
7.508987e+01, 0.000000e+00
7.779712e+01, 0.000000e+00
8.012758e+01, 0.000000e+00
8.204209e+01, 0.000000e+00
8.350796e+01, 0.000000e+00
8.449972e+01, 0.000000e+00
8.500000e+01, 0.000000e+00
8.500000e+01, 0.000000e+00
8.500000e+01, 0.000000e+00
8.500000e+01, 0.000000e+00
8.449972e+01, 0.000000e+00
8.350796e+01, 0.000000e+00
8.204209e+01, 0.000000e+00
8.012758e+01, 0.000000e+00
7.779712e+01, 0.000000e+00
7.508987e+01, 0.000000e+00
7.205026e+01, 0.000000e+00
6.872679e+01, 0.000000e+00
6.517075e+01, 0.000000e+00
6.143500e+01, 0.000000e+00
5.757253e+01, 0.000000e+00
5.363533e+01, 0.000000e+00
4.967330e+01, 0.000000e+00
4.573317e+01, 0.000000e+00
4.185775e+01, 0.000000e+00
3.808525e+01, 0.000000e+00
3.444880e+01, 0.000000e+00
3.097616e+01, 0.000000e+00
2.768965e+01, 0.000000e+00
2.460615e+01, 0.000000e+00
2.173733e+01, 0.000000e+00
1.908995e+01, 0.000000e+00
1.666633e+01, 0.000000e+00
1.446477e+01, 0.000000e+00
1.248013e+01, 0.000000e+00
1.070442e+01, 0.000000e+00
9.127323e+00, 0.000000e+00
7.736777e+00, 0.000000e+00
6.519481e+00, 0.000000e+00
5.461379e+00, 0.000000e+00
4.548077e+00, 0.000000e+00
3.765215e+00, 0.000000e+00
3.098759e+00, 0.000000e+00
2.535259e+00, 0.000000e+00
2.062021e+00, 0.000000e+00
1.667248e+00, 0.000000e+00
1.340120e+00, 0.000000e+00
1.070837e+00, 0.000000e+00
##END= 
