##TITLE= /u/exp/stan/nmr/lists/wave.hwt/zgaus100.80
##JCAMP-DX= 5.00 Bruker JCAMP library
##DATA TYPE= Shape Data
##ORIGIN= Bruker Analytik GmbH
##OWNER= <demo>
##DATE= 99/01/25
##TIME= 19:00:43
##MINX= 1.259808e+00
##MAXX= 1.000000e+02
##MINY= 0.000000e+00
##MAXY= 0.000000e+00
##$SHAPE_EXMODE= None
##$SHAPE_TOTROT= 0.000000e+00
##$SHAPE_BWFAC= 0.000000e+00
##$SHAPE_INTEGFAC= 4.320002e-01
##$SHAPE_MODE= 1
##NPOINTS= 80
##XYPOINTS= (XY..XY)
1.259808e+00, 0.000000e+00
1.576612e+00, 0.000000e+00
1.961468e+00, 0.000000e+00
2.425907e+00, 0.000000e+00
2.982658e+00, 0.000000e+00
3.645599e+00, 0.000000e+00
4.429664e+00, 0.000000e+00
5.350679e+00, 0.000000e+00
6.425151e+00, 0.000000e+00
7.669977e+00, 0.000000e+00
9.102091e+00, 0.000000e+00
1.073803e+01, 0.000000e+00
1.259343e+01, 0.000000e+00
1.468250e+01, 0.000000e+00
1.701737e+01, 0.000000e+00
1.960745e+01, 0.000000e+00
2.245877e+01, 0.000000e+00
2.557333e+01, 0.000000e+00
2.894841e+01, 0.000000e+00
3.257606e+01, 0.000000e+00
3.644255e+01, 0.000000e+00
4.052800e+01, 0.000000e+00
4.480618e+01, 0.000000e+00
4.924441e+01, 0.000000e+00
5.380372e+01, 0.000000e+00
5.843917e+01, 0.000000e+00
6.310039e+01, 0.000000e+00
6.773238e+01, 0.000000e+00
7.227647e+01, 0.000000e+00
7.667148e+01, 0.000000e+00
8.085504e+01, 0.000000e+00
8.476501e+01, 0.000000e+00
8.834103e+01, 0.000000e+00
9.152602e+01, 0.000000e+00
9.426774e+01, 0.000000e+00
9.652011e+01, 0.000000e+00
9.824465e+01, 0.000000e+00
9.941143e+01, 0.000000e+00
1.000000e+02, 0.000000e+00
1.000000e+02, 0.000000e+00
1.000000e+02, 0.000000e+00
1.000000e+02, 0.000000e+00
9.941143e+01, 0.000000e+00
9.824465e+01, 0.000000e+00
9.652011e+01, 0.000000e+00
9.426774e+01, 0.000000e+00
9.152602e+01, 0.000000e+00
8.834103e+01, 0.000000e+00
8.476501e+01, 0.000000e+00
8.085504e+01, 0.000000e+00
7.667148e+01, 0.000000e+00
7.227647e+01, 0.000000e+00
6.773238e+01, 0.000000e+00
6.310039e+01, 0.000000e+00
5.843917e+01, 0.000000e+00
5.380372e+01, 0.000000e+00
4.924441e+01, 0.000000e+00
4.480618e+01, 0.000000e+00
4.052800e+01, 0.000000e+00
3.644255e+01, 0.000000e+00
3.257606e+01, 0.000000e+00
2.894841e+01, 0.000000e+00
2.557333e+01, 0.000000e+00
2.245877e+01, 0.000000e+00
1.960745e+01, 0.000000e+00
1.701737e+01, 0.000000e+00
1.468250e+01, 0.000000e+00
1.259343e+01, 0.000000e+00
1.073803e+01, 0.000000e+00
9.102091e+00, 0.000000e+00
7.669977e+00, 0.000000e+00
6.425151e+00, 0.000000e+00
5.350679e+00, 0.000000e+00
4.429664e+00, 0.000000e+00
3.645599e+00, 0.000000e+00
2.982658e+00, 0.000000e+00
2.425907e+00, 0.000000e+00
1.961468e+00, 0.000000e+00
1.576612e+00, 0.000000e+00
1.259808e+00, 0.000000e+00
##END= 
