##TITLE= /u/exp/stan/nmr/lists/wave.hwt/zgaus070.80
##JCAMP-DX= 5.00 Bruker JCAMP library
##DATA TYPE= Shape Data
##ORIGIN= Bruker Analytik GmbH
##OWNER= <demo>
##DATE= 99/01/25
##TIME= 19:00:18
##MINX= 8.818657e-01
##MAXX= 7.000000e+01
##MINY= 0.000000e+00
##MAXY= 0.000000e+00
##$SHAPE_EXMODE= None
##$SHAPE_TOTROT= 0.000000e+00
##$SHAPE_BWFAC= 0.000000e+00
##$SHAPE_INTEGFAC= 3.024001e-01
##$SHAPE_MODE= 1
##NPOINTS= 80
##XYPOINTS= (XY..XY)
8.818657e-01, 0.000000e+00
1.103628e+00, 0.000000e+00
1.373028e+00, 0.000000e+00
1.698135e+00, 0.000000e+00
2.087860e+00, 0.000000e+00
2.551919e+00, 0.000000e+00
3.100765e+00, 0.000000e+00
3.745475e+00, 0.000000e+00
4.497606e+00, 0.000000e+00
5.368984e+00, 0.000000e+00
6.371463e+00, 0.000000e+00
7.516620e+00, 0.000000e+00
8.815404e+00, 0.000000e+00
1.027775e+01, 0.000000e+00
1.191216e+01, 0.000000e+00
1.372521e+01, 0.000000e+00
1.572114e+01, 0.000000e+00
1.790133e+01, 0.000000e+00
2.026389e+01, 0.000000e+00
2.280324e+01, 0.000000e+00
2.550978e+01, 0.000000e+00
2.836960e+01, 0.000000e+00
3.136432e+01, 0.000000e+00
3.447109e+01, 0.000000e+00
3.766261e+01, 0.000000e+00
4.090742e+01, 0.000000e+00
4.417027e+01, 0.000000e+00
4.741267e+01, 0.000000e+00
5.059353e+01, 0.000000e+00
5.367004e+01, 0.000000e+00
5.659853e+01, 0.000000e+00
5.933551e+01, 0.000000e+00
6.183872e+01, 0.000000e+00
6.406821e+01, 0.000000e+00
6.598741e+01, 0.000000e+00
6.756408e+01, 0.000000e+00
6.877126e+01, 0.000000e+00
6.958800e+01, 0.000000e+00
7.000000e+01, 0.000000e+00
7.000000e+01, 0.000000e+00
7.000000e+01, 0.000000e+00
7.000000e+01, 0.000000e+00
6.958800e+01, 0.000000e+00
6.877126e+01, 0.000000e+00
6.756408e+01, 0.000000e+00
6.598741e+01, 0.000000e+00
6.406821e+01, 0.000000e+00
6.183872e+01, 0.000000e+00
5.933551e+01, 0.000000e+00
5.659853e+01, 0.000000e+00
5.367004e+01, 0.000000e+00
5.059353e+01, 0.000000e+00
4.741267e+01, 0.000000e+00
4.417027e+01, 0.000000e+00
4.090742e+01, 0.000000e+00
3.766261e+01, 0.000000e+00
3.447109e+01, 0.000000e+00
3.136432e+01, 0.000000e+00
2.836960e+01, 0.000000e+00
2.550978e+01, 0.000000e+00
2.280324e+01, 0.000000e+00
2.026389e+01, 0.000000e+00
1.790133e+01, 0.000000e+00
1.572114e+01, 0.000000e+00
1.372521e+01, 0.000000e+00
1.191216e+01, 0.000000e+00
1.027775e+01, 0.000000e+00
8.815404e+00, 0.000000e+00
7.516620e+00, 0.000000e+00
6.371463e+00, 0.000000e+00
5.368984e+00, 0.000000e+00
4.497606e+00, 0.000000e+00
3.745475e+00, 0.000000e+00
3.100765e+00, 0.000000e+00
2.551919e+00, 0.000000e+00
2.087860e+00, 0.000000e+00
1.698135e+00, 0.000000e+00
1.373028e+00, 0.000000e+00
1.103628e+00, 0.000000e+00
8.818657e-01, 0.000000e+00
##END= 
