##TITLE= /u/exp/stan/nmr/lists/wave.hwt/zgaus055.80
##JCAMP-DX= 5.00 Bruker JCAMP library
##DATA TYPE= Shape Data
##ORIGIN= Bruker Analytik GmbH
##OWNER= <demo>
##DATE= 99/01/25
##TIME= 19:00:03
##MINX= 6.928945e-01
##MAXX= 5.500000e+01
##MINY= 0.000000e+00
##MAXY= 0.000000e+00
##$SHAPE_EXMODE= None
##$SHAPE_TOTROT= 0.000000e+00
##$SHAPE_BWFAC= 0.000000e+00
##$SHAPE_INTEGFAC= 2.376001e-01
##$SHAPE_MODE= 1
##NPOINTS= 80
##XYPOINTS= (XY..XY)
6.928945e-01, 0.000000e+00
8.671364e-01, 0.000000e+00
1.078808e+00, 0.000000e+00
1.334249e+00, 0.000000e+00
1.640462e+00, 0.000000e+00
2.005080e+00, 0.000000e+00
2.436315e+00, 0.000000e+00
2.942873e+00, 0.000000e+00
3.533833e+00, 0.000000e+00
4.218487e+00, 0.000000e+00
5.006150e+00, 0.000000e+00
5.905915e+00, 0.000000e+00
6.926389e+00, 0.000000e+00
8.075378e+00, 0.000000e+00
9.359555e+00, 0.000000e+00
1.078410e+01, 0.000000e+00
1.235232e+01, 0.000000e+00
1.406533e+01, 0.000000e+00
1.592163e+01, 0.000000e+00
1.791683e+01, 0.000000e+00
2.004340e+01, 0.000000e+00
2.229040e+01, 0.000000e+00
2.464340e+01, 0.000000e+00
2.708443e+01, 0.000000e+00
2.959205e+01, 0.000000e+00
3.214154e+01, 0.000000e+00
3.470522e+01, 0.000000e+00
3.725281e+01, 0.000000e+00
3.975206e+01, 0.000000e+00
4.216932e+01, 0.000000e+00
4.447028e+01, 0.000000e+00
4.662076e+01, 0.000000e+00
4.858757e+01, 0.000000e+00
5.033932e+01, 0.000000e+00
5.184726e+01, 0.000000e+00
5.308607e+01, 0.000000e+00
5.403456e+01, 0.000000e+00
5.467629e+01, 0.000000e+00
5.500000e+01, 0.000000e+00
5.500000e+01, 0.000000e+00
5.500000e+01, 0.000000e+00
5.500000e+01, 0.000000e+00
5.467629e+01, 0.000000e+00
5.403456e+01, 0.000000e+00
5.308607e+01, 0.000000e+00
5.184726e+01, 0.000000e+00
5.033932e+01, 0.000000e+00
4.858757e+01, 0.000000e+00
4.662076e+01, 0.000000e+00
4.447028e+01, 0.000000e+00
4.216932e+01, 0.000000e+00
3.975206e+01, 0.000000e+00
3.725281e+01, 0.000000e+00
3.470522e+01, 0.000000e+00
3.214154e+01, 0.000000e+00
2.959205e+01, 0.000000e+00
2.708443e+01, 0.000000e+00
2.464340e+01, 0.000000e+00
2.229040e+01, 0.000000e+00
2.004340e+01, 0.000000e+00
1.791683e+01, 0.000000e+00
1.592163e+01, 0.000000e+00
1.406533e+01, 0.000000e+00
1.235232e+01, 0.000000e+00
1.078410e+01, 0.000000e+00
9.359555e+00, 0.000000e+00
8.075378e+00, 0.000000e+00
6.926389e+00, 0.000000e+00
5.905915e+00, 0.000000e+00
5.006150e+00, 0.000000e+00
4.218487e+00, 0.000000e+00
3.533833e+00, 0.000000e+00
2.942873e+00, 0.000000e+00
2.436315e+00, 0.000000e+00
2.005080e+00, 0.000000e+00
1.640462e+00, 0.000000e+00
1.334249e+00, 0.000000e+00
1.078808e+00, 0.000000e+00
8.671364e-01, 0.000000e+00
6.928945e-01, 0.000000e+00
##END= 
