##TITLE= /u/exp/stan/nmr/lists/wave.hwt/zgaus030.80
##JCAMP-DX= 5.00 Bruker JCAMP library
##DATA TYPE= Shape Data
##ORIGIN= Bruker Analytik GmbH
##OWNER= <demo>
##DATE= 99/01/25
##TIME= 18:59:17
##MINX= 3.779425e-01
##MAXX= 3.000000e+01
##MINY= 0.000000e+00
##MAXY= 0.000000e+00
##$SHAPE_EXMODE= None
##$SHAPE_TOTROT= 0.000000e+00
##$SHAPE_BWFAC= 0.000000e+00
##$SHAPE_INTEGFAC= 1.296001e-01
##$SHAPE_MODE= 1
##NPOINTS= 80
##XYPOINTS= (XY..XY)
3.779425e-01, 0.000000e+00
4.729835e-01, 0.000000e+00
5.884405e-01, 0.000000e+00
7.277722e-01, 0.000000e+00
8.947974e-01, 0.000000e+00
1.093680e+00, 0.000000e+00
1.328899e+00, 0.000000e+00
1.605204e+00, 0.000000e+00
1.927545e+00, 0.000000e+00
2.300993e+00, 0.000000e+00
2.730627e+00, 0.000000e+00
3.221409e+00, 0.000000e+00
3.778031e+00, 0.000000e+00
4.404752e+00, 0.000000e+00
5.105212e+00, 0.000000e+00
5.882235e+00, 0.000000e+00
6.737632e+00, 0.000000e+00
7.671998e+00, 0.000000e+00
8.684524e+00, 0.000000e+00
9.772819e+00, 0.000000e+00
1.093276e+01, 0.000000e+00
1.215840e+01, 0.000000e+00
1.344185e+01, 0.000000e+00
1.477333e+01, 0.000000e+00
1.614112e+01, 0.000000e+00
1.753175e+01, 0.000000e+00
1.893012e+01, 0.000000e+00
2.031972e+01, 0.000000e+00
2.168294e+01, 0.000000e+00
2.300145e+01, 0.000000e+00
2.425651e+01, 0.000000e+00
2.542950e+01, 0.000000e+00
2.650231e+01, 0.000000e+00
2.745781e+01, 0.000000e+00
2.828032e+01, 0.000000e+00
2.895604e+01, 0.000000e+00
2.947340e+01, 0.000000e+00
2.982343e+01, 0.000000e+00
3.000000e+01, 0.000000e+00
3.000000e+01, 0.000000e+00
3.000000e+01, 0.000000e+00
3.000000e+01, 0.000000e+00
2.982343e+01, 0.000000e+00
2.947340e+01, 0.000000e+00
2.895604e+01, 0.000000e+00
2.828032e+01, 0.000000e+00
2.745781e+01, 0.000000e+00
2.650231e+01, 0.000000e+00
2.542950e+01, 0.000000e+00
2.425651e+01, 0.000000e+00
2.300145e+01, 0.000000e+00
2.168294e+01, 0.000000e+00
2.031972e+01, 0.000000e+00
1.893012e+01, 0.000000e+00
1.753175e+01, 0.000000e+00
1.614112e+01, 0.000000e+00
1.477333e+01, 0.000000e+00
1.344185e+01, 0.000000e+00
1.215840e+01, 0.000000e+00
1.093276e+01, 0.000000e+00
9.772819e+00, 0.000000e+00
8.684524e+00, 0.000000e+00
7.671998e+00, 0.000000e+00
6.737632e+00, 0.000000e+00
5.882235e+00, 0.000000e+00
5.105212e+00, 0.000000e+00
4.404752e+00, 0.000000e+00
3.778031e+00, 0.000000e+00
3.221409e+00, 0.000000e+00
2.730627e+00, 0.000000e+00
2.300993e+00, 0.000000e+00
1.927545e+00, 0.000000e+00
1.605204e+00, 0.000000e+00
1.328899e+00, 0.000000e+00
1.093680e+00, 0.000000e+00
8.947974e-01, 0.000000e+00
7.277722e-01, 0.000000e+00
5.884405e-01, 0.000000e+00
4.729835e-01, 0.000000e+00
3.779425e-01, 0.000000e+00
##END= 
