##TITLE= /u/exp/stan/nmr/lists/wave.hwt/zgaus045.80
##JCAMP-DX= 5.00 Bruker JCAMP library
##DATA TYPE= Shape Data
##ORIGIN= Bruker Analytik GmbH
##OWNER= <demo>
##DATE= 99/01/25
##TIME= 18:59:38
##MINX= 5.669137e-01
##MAXX= 4.500000e+01
##MINY= 0.000000e+00
##MAXY= 0.000000e+00
##$SHAPE_EXMODE= None
##$SHAPE_TOTROT= 0.000000e+00
##$SHAPE_BWFAC= 0.000000e+00
##$SHAPE_INTEGFAC= 1.944001e-01
##$SHAPE_MODE= 1
##NPOINTS= 80
##XYPOINTS= (XY..XY)
5.669137e-01, 0.000000e+00
7.094752e-01, 0.000000e+00
8.826607e-01, 0.000000e+00
1.091658e+00, 0.000000e+00
1.342196e+00, 0.000000e+00
1.640520e+00, 0.000000e+00
1.993349e+00, 0.000000e+00
2.407805e+00, 0.000000e+00
2.891318e+00, 0.000000e+00
3.451490e+00, 0.000000e+00
4.095941e+00, 0.000000e+00
4.832112e+00, 0.000000e+00
5.667045e+00, 0.000000e+00
6.607127e+00, 0.000000e+00
7.657817e+00, 0.000000e+00
8.823352e+00, 0.000000e+00
1.010645e+01, 0.000000e+00
1.150800e+01, 0.000000e+00
1.302678e+01, 0.000000e+00
1.465923e+01, 0.000000e+00
1.639915e+01, 0.000000e+00
1.823760e+01, 0.000000e+00
2.016278e+01, 0.000000e+00
2.215999e+01, 0.000000e+00
2.421168e+01, 0.000000e+00
2.629763e+01, 0.000000e+00
2.839518e+01, 0.000000e+00
3.047957e+01, 0.000000e+00
3.252441e+01, 0.000000e+00
3.450217e+01, 0.000000e+00
3.638477e+01, 0.000000e+00
3.814426e+01, 0.000000e+00
3.975346e+01, 0.000000e+00
4.118671e+01, 0.000000e+00
4.242048e+01, 0.000000e+00
4.343405e+01, 0.000000e+00
4.421009e+01, 0.000000e+00
4.473514e+01, 0.000000e+00
4.500000e+01, 0.000000e+00
4.500000e+01, 0.000000e+00
4.500000e+01, 0.000000e+00
4.500000e+01, 0.000000e+00
4.473514e+01, 0.000000e+00
4.421009e+01, 0.000000e+00
4.343405e+01, 0.000000e+00
4.242048e+01, 0.000000e+00
4.118671e+01, 0.000000e+00
3.975346e+01, 0.000000e+00
3.814426e+01, 0.000000e+00
3.638477e+01, 0.000000e+00
3.450217e+01, 0.000000e+00
3.252441e+01, 0.000000e+00
3.047957e+01, 0.000000e+00
2.839518e+01, 0.000000e+00
2.629763e+01, 0.000000e+00
2.421168e+01, 0.000000e+00
2.215999e+01, 0.000000e+00
2.016278e+01, 0.000000e+00
1.823760e+01, 0.000000e+00
1.639915e+01, 0.000000e+00
1.465923e+01, 0.000000e+00
1.302678e+01, 0.000000e+00
1.150800e+01, 0.000000e+00
1.010645e+01, 0.000000e+00
8.823352e+00, 0.000000e+00
7.657817e+00, 0.000000e+00
6.607127e+00, 0.000000e+00
5.667045e+00, 0.000000e+00
4.832112e+00, 0.000000e+00
4.095941e+00, 0.000000e+00
3.451490e+00, 0.000000e+00
2.891318e+00, 0.000000e+00
2.407805e+00, 0.000000e+00
1.993349e+00, 0.000000e+00
1.640520e+00, 0.000000e+00
1.342196e+00, 0.000000e+00
1.091658e+00, 0.000000e+00
8.826607e-01, 0.000000e+00
7.094752e-01, 0.000000e+00
5.669137e-01, 0.000000e+00
##END= 
