##TITLE= /u/exp/stan/nmr/lists/wave.hwt/zgaus015.80
##JCAMP-DX= 5.00 Bruker JCAMP library
##DATA TYPE= Shape Data
##ORIGIN= Bruker Analytik GmbH
##OWNER= <demo>
##DATE= 99/01/25
##TIME= 18:58:46
##MINX= 1.889712e-01
##MAXX= 1.500000e+01
##MINY= 0.000000e+00
##MAXY= 0.000000e+00
##$SHAPE_EXMODE= None
##$SHAPE_TOTROT= 0.000000e+00
##$SHAPE_BWFAC= 0.000000e+00
##$SHAPE_INTEGFAC= 6.480003e-02
##$SHAPE_MODE= 1
##NPOINTS= 80
##XYPOINTS= (XY..XY)
1.889712e-01, 0.000000e+00
2.364917e-01, 0.000000e+00
2.942203e-01, 0.000000e+00
3.638861e-01, 0.000000e+00
4.473987e-01, 0.000000e+00
5.468400e-01, 0.000000e+00
6.644496e-01, 0.000000e+00
8.026019e-01, 0.000000e+00
9.637727e-01, 0.000000e+00
1.150497e+00, 0.000000e+00
1.365314e+00, 0.000000e+00
1.610704e+00, 0.000000e+00
1.889015e+00, 0.000000e+00
2.202376e+00, 0.000000e+00
2.552606e+00, 0.000000e+00
2.941118e+00, 0.000000e+00
3.368816e+00, 0.000000e+00
3.835999e+00, 0.000000e+00
4.342262e+00, 0.000000e+00
4.886409e+00, 0.000000e+00
5.466382e+00, 0.000000e+00
6.079200e+00, 0.000000e+00
6.720927e+00, 0.000000e+00
7.386663e+00, 0.000000e+00
8.070560e+00, 0.000000e+00
8.765877e+00, 0.000000e+00
9.465059e+00, 0.000000e+00
1.015986e+01, 0.000000e+00
1.084147e+01, 0.000000e+00
1.150072e+01, 0.000000e+00
1.212826e+01, 0.000000e+00
1.271475e+01, 0.000000e+00
1.325116e+01, 0.000000e+00
1.372890e+01, 0.000000e+00
1.414016e+01, 0.000000e+00
1.447802e+01, 0.000000e+00
1.473670e+01, 0.000000e+00
1.491171e+01, 0.000000e+00
1.500000e+01, 0.000000e+00
1.500000e+01, 0.000000e+00
1.500000e+01, 0.000000e+00
1.500000e+01, 0.000000e+00
1.491171e+01, 0.000000e+00
1.473670e+01, 0.000000e+00
1.447802e+01, 0.000000e+00
1.414016e+01, 0.000000e+00
1.372890e+01, 0.000000e+00
1.325116e+01, 0.000000e+00
1.271475e+01, 0.000000e+00
1.212826e+01, 0.000000e+00
1.150072e+01, 0.000000e+00
1.084147e+01, 0.000000e+00
1.015986e+01, 0.000000e+00
9.465059e+00, 0.000000e+00
8.765877e+00, 0.000000e+00
8.070560e+00, 0.000000e+00
7.386663e+00, 0.000000e+00
6.720927e+00, 0.000000e+00
6.079200e+00, 0.000000e+00
5.466382e+00, 0.000000e+00
4.886409e+00, 0.000000e+00
4.342262e+00, 0.000000e+00
3.835999e+00, 0.000000e+00
3.368816e+00, 0.000000e+00
2.941118e+00, 0.000000e+00
2.552606e+00, 0.000000e+00
2.202376e+00, 0.000000e+00
1.889015e+00, 0.000000e+00
1.610704e+00, 0.000000e+00
1.365314e+00, 0.000000e+00
1.150497e+00, 0.000000e+00
9.637727e-01, 0.000000e+00
8.026019e-01, 0.000000e+00
6.644496e-01, 0.000000e+00
5.468400e-01, 0.000000e+00
4.473987e-01, 0.000000e+00
3.638861e-01, 0.000000e+00
2.942203e-01, 0.000000e+00
2.364917e-01, 0.000000e+00
1.889712e-01, 0.000000e+00
##END= 
