##TITLE= /u/exp/stan/nmr/lists/wave.hwt/zgaus005.80
##JCAMP-DX= 5.00 Bruker JCAMP library
##DATA TYPE= Shape Data
##ORIGIN= Bruker Analytik GmbH
##OWNER= <demo>
##DATE= 99/01/25
##TIME= 18:58:37
##MINX= 6.299041e-02
##MAXX= 5.000000e+00
##MINY= 0.000000e+00
##MAXY= 0.000000e+00
##$SHAPE_EXMODE= None
##$SHAPE_TOTROT= 0.000000e+00
##$SHAPE_BWFAC= 0.000000e+00
##$SHAPE_INTEGFAC= 2.160001e-02
##$SHAPE_MODE= 1
##NPOINTS= 80
##XYPOINTS= (XY..XY)
6.299041e-02, 0.000000e+00
7.883058e-02, 0.000000e+00
9.807342e-02, 0.000000e+00
1.212954e-01, 0.000000e+00
1.491329e-01, 0.000000e+00
1.822800e-01, 0.000000e+00
2.214832e-01, 0.000000e+00
2.675339e-01, 0.000000e+00
3.212576e-01, 0.000000e+00
3.834989e-01, 0.000000e+00
4.551045e-01, 0.000000e+00
5.369014e-01, 0.000000e+00
6.296718e-01, 0.000000e+00
7.341253e-01, 0.000000e+00
8.508686e-01, 0.000000e+00
9.803724e-01, 0.000000e+00
1.122939e+00, 0.000000e+00
1.278666e+00, 0.000000e+00
1.447421e+00, 0.000000e+00
1.628803e+00, 0.000000e+00
1.822127e+00, 0.000000e+00
2.026400e+00, 0.000000e+00
2.240309e+00, 0.000000e+00
2.462221e+00, 0.000000e+00
2.690186e+00, 0.000000e+00
2.921959e+00, 0.000000e+00
3.155020e+00, 0.000000e+00
3.386619e+00, 0.000000e+00
3.613824e+00, 0.000000e+00
3.833574e+00, 0.000000e+00
4.042752e+00, 0.000000e+00
4.238250e+00, 0.000000e+00
4.417052e+00, 0.000000e+00
4.576301e+00, 0.000000e+00
4.713387e+00, 0.000000e+00
4.826006e+00, 0.000000e+00
4.912233e+00, 0.000000e+00
4.970572e+00, 0.000000e+00
5.000000e+00, 0.000000e+00
5.000000e+00, 0.000000e+00
5.000000e+00, 0.000000e+00
5.000000e+00, 0.000000e+00
4.970572e+00, 0.000000e+00
4.912233e+00, 0.000000e+00
4.826006e+00, 0.000000e+00
4.713387e+00, 0.000000e+00
4.576301e+00, 0.000000e+00
4.417052e+00, 0.000000e+00
4.238250e+00, 0.000000e+00
4.042752e+00, 0.000000e+00
3.833574e+00, 0.000000e+00
3.613824e+00, 0.000000e+00
3.386619e+00, 0.000000e+00
3.155020e+00, 0.000000e+00
2.921959e+00, 0.000000e+00
2.690186e+00, 0.000000e+00
2.462221e+00, 0.000000e+00
2.240309e+00, 0.000000e+00
2.026400e+00, 0.000000e+00
1.822127e+00, 0.000000e+00
1.628803e+00, 0.000000e+00
1.447421e+00, 0.000000e+00
1.278666e+00, 0.000000e+00
1.122939e+00, 0.000000e+00
9.803724e-01, 0.000000e+00
8.508686e-01, 0.000000e+00
7.341253e-01, 0.000000e+00
6.296718e-01, 0.000000e+00
5.369014e-01, 0.000000e+00
4.551045e-01, 0.000000e+00
3.834989e-01, 0.000000e+00
3.212576e-01, 0.000000e+00
2.675339e-01, 0.000000e+00
2.214832e-01, 0.000000e+00
1.822800e-01, 0.000000e+00
1.491329e-01, 0.000000e+00
1.212954e-01, 0.000000e+00
9.807342e-02, 0.000000e+00
7.883058e-02, 0.000000e+00
6.299041e-02, 0.000000e+00
##END= 
