##TITLE= /u/exp/stan/nmr/lists/wave.hwt/zgaus060.80
##JCAMP-DX= 5.00 Bruker JCAMP library
##DATA TYPE= Shape Data
##ORIGIN= Bruker Analytik GmbH
##OWNER= <demo>
##DATE= 99/01/25
##TIME= 19:00:12
##MINX= 7.558849e-01
##MAXX= 6.000000e+01
##MINY= 0.000000e+00
##MAXY= 0.000000e+00
##$SHAPE_EXMODE= None
##$SHAPE_TOTROT= 0.000000e+00
##$SHAPE_BWFAC= 0.000000e+00
##$SHAPE_INTEGFAC= 2.592001e-01
##$SHAPE_MODE= 1
##NPOINTS= 80
##XYPOINTS= (XY..XY)
7.558849e-01, 0.000000e+00
9.459670e-01, 0.000000e+00
1.176881e+00, 0.000000e+00
1.455544e+00, 0.000000e+00
1.789595e+00, 0.000000e+00
2.187360e+00, 0.000000e+00
2.657799e+00, 0.000000e+00
3.210407e+00, 0.000000e+00
3.855091e+00, 0.000000e+00
4.601986e+00, 0.000000e+00
5.461254e+00, 0.000000e+00
6.442817e+00, 0.000000e+00
7.556061e+00, 0.000000e+00
8.809504e+00, 0.000000e+00
1.021042e+01, 0.000000e+00
1.176447e+01, 0.000000e+00
1.347526e+01, 0.000000e+00
1.534400e+01, 0.000000e+00
1.736905e+01, 0.000000e+00
1.954564e+01, 0.000000e+00
2.186553e+01, 0.000000e+00
2.431680e+01, 0.000000e+00
2.688371e+01, 0.000000e+00
2.954665e+01, 0.000000e+00
3.228224e+01, 0.000000e+00
3.506351e+01, 0.000000e+00
3.786024e+01, 0.000000e+00
4.063943e+01, 0.000000e+00
4.336589e+01, 0.000000e+00
4.600289e+01, 0.000000e+00
4.851303e+01, 0.000000e+00
5.085901e+01, 0.000000e+00
5.300462e+01, 0.000000e+00
5.491562e+01, 0.000000e+00
5.656065e+01, 0.000000e+00
5.791207e+01, 0.000000e+00
5.894679e+01, 0.000000e+00
5.964686e+01, 0.000000e+00
6.000000e+01, 0.000000e+00
6.000000e+01, 0.000000e+00
6.000000e+01, 0.000000e+00
6.000000e+01, 0.000000e+00
5.964686e+01, 0.000000e+00
5.894679e+01, 0.000000e+00
5.791207e+01, 0.000000e+00
5.656065e+01, 0.000000e+00
5.491562e+01, 0.000000e+00
5.300462e+01, 0.000000e+00
5.085901e+01, 0.000000e+00
4.851303e+01, 0.000000e+00
4.600289e+01, 0.000000e+00
4.336589e+01, 0.000000e+00
4.063943e+01, 0.000000e+00
3.786024e+01, 0.000000e+00
3.506351e+01, 0.000000e+00
3.228224e+01, 0.000000e+00
2.954665e+01, 0.000000e+00
2.688371e+01, 0.000000e+00
2.431680e+01, 0.000000e+00
2.186553e+01, 0.000000e+00
1.954564e+01, 0.000000e+00
1.736905e+01, 0.000000e+00
1.534400e+01, 0.000000e+00
1.347526e+01, 0.000000e+00
1.176447e+01, 0.000000e+00
1.021042e+01, 0.000000e+00
8.809504e+00, 0.000000e+00
7.556061e+00, 0.000000e+00
6.442817e+00, 0.000000e+00
5.461254e+00, 0.000000e+00
4.601986e+00, 0.000000e+00
3.855091e+00, 0.000000e+00
3.210407e+00, 0.000000e+00
2.657799e+00, 0.000000e+00
2.187360e+00, 0.000000e+00
1.789595e+00, 0.000000e+00
1.455544e+00, 0.000000e+00
1.176881e+00, 0.000000e+00
9.459670e-01, 0.000000e+00
7.558849e-01, 0.000000e+00
##END= 
