##TITLE= /u/exp/stan/nmr/lists/wave.hwt/zgaus025.80
##JCAMP-DX= 5.00 Bruker JCAMP library
##DATA TYPE= Shape Data
##ORIGIN= Bruker Analytik GmbH
##OWNER= <demo>
##DATE= 99/01/25
##TIME= 18:58:58
##MINX= 3.149521e-01
##MAXX= 2.500000e+01
##MINY= 0.000000e+00
##MAXY= 0.000000e+00
##$SHAPE_EXMODE= None
##$SHAPE_TOTROT= 0.000000e+00
##$SHAPE_BWFAC= 0.000000e+00
##$SHAPE_INTEGFAC= 1.080000e-01
##$SHAPE_MODE= 1
##NPOINTS= 80
##XYPOINTS= (XY..XY)
3.149521e-01, 0.000000e+00
3.941529e-01, 0.000000e+00
4.903671e-01, 0.000000e+00
6.064768e-01, 0.000000e+00
7.456644e-01, 0.000000e+00
9.113998e-01, 0.000000e+00
1.107416e+00, 0.000000e+00
1.337670e+00, 0.000000e+00
1.606288e+00, 0.000000e+00
1.917494e+00, 0.000000e+00
2.275523e+00, 0.000000e+00
2.684507e+00, 0.000000e+00
3.148359e+00, 0.000000e+00
3.670626e+00, 0.000000e+00
4.254343e+00, 0.000000e+00
4.901862e+00, 0.000000e+00
5.614693e+00, 0.000000e+00
6.393332e+00, 0.000000e+00
7.237103e+00, 0.000000e+00
8.144015e+00, 0.000000e+00
9.110637e+00, 0.000000e+00
1.013200e+01, 0.000000e+00
1.120154e+01, 0.000000e+00
1.231110e+01, 0.000000e+00
1.345093e+01, 0.000000e+00
1.460979e+01, 0.000000e+00
1.577510e+01, 0.000000e+00
1.693310e+01, 0.000000e+00
1.806912e+01, 0.000000e+00
1.916787e+01, 0.000000e+00
2.021376e+01, 0.000000e+00
2.119125e+01, 0.000000e+00
2.208526e+01, 0.000000e+00
2.288151e+01, 0.000000e+00
2.356693e+01, 0.000000e+00
2.413003e+01, 0.000000e+00
2.456116e+01, 0.000000e+00
2.485286e+01, 0.000000e+00
2.500000e+01, 0.000000e+00
2.500000e+01, 0.000000e+00
2.500000e+01, 0.000000e+00
2.500000e+01, 0.000000e+00
2.485286e+01, 0.000000e+00
2.456116e+01, 0.000000e+00
2.413003e+01, 0.000000e+00
2.356693e+01, 0.000000e+00
2.288151e+01, 0.000000e+00
2.208526e+01, 0.000000e+00
2.119125e+01, 0.000000e+00
2.021376e+01, 0.000000e+00
1.916787e+01, 0.000000e+00
1.806912e+01, 0.000000e+00
1.693310e+01, 0.000000e+00
1.577510e+01, 0.000000e+00
1.460979e+01, 0.000000e+00
1.345093e+01, 0.000000e+00
1.231110e+01, 0.000000e+00
1.120154e+01, 0.000000e+00
1.013200e+01, 0.000000e+00
9.110637e+00, 0.000000e+00
8.144015e+00, 0.000000e+00
7.237103e+00, 0.000000e+00
6.393332e+00, 0.000000e+00
5.614693e+00, 0.000000e+00
4.901862e+00, 0.000000e+00
4.254343e+00, 0.000000e+00
3.670626e+00, 0.000000e+00
3.148359e+00, 0.000000e+00
2.684507e+00, 0.000000e+00
2.275523e+00, 0.000000e+00
1.917494e+00, 0.000000e+00
1.606288e+00, 0.000000e+00
1.337670e+00, 0.000000e+00
1.107416e+00, 0.000000e+00
9.113998e-01, 0.000000e+00
7.456644e-01, 0.000000e+00
6.064768e-01, 0.000000e+00
4.903671e-01, 0.000000e+00
3.941529e-01, 0.000000e+00
3.149521e-01, 0.000000e+00
##END= 
