##TITLE= /u/exp/stan/nmr/lists/wave.hwt/zgaus010.80
##JCAMP-DX= 5.00 Bruker JCAMP library
##DATA TYPE= Shape Data
##ORIGIN= Bruker Analytik GmbH
##OWNER= <demo>
##DATE= 99/01/25
##TIME= 18:58:42
##MINX= 1.259808e-01
##MAXX= 1.000000e+01
##MINY= 0.000000e+00
##MAXY= 0.000000e+00
##$SHAPE_EXMODE= None
##$SHAPE_TOTROT= 0.000000e+00
##$SHAPE_BWFAC= 0.000000e+00
##$SHAPE_INTEGFAC= 4.320002e-02
##$SHAPE_MODE= 1
##NPOINTS= 80
##XYPOINTS= (XY..XY)
1.259808e-01, 0.000000e+00
1.576612e-01, 0.000000e+00
1.961468e-01, 0.000000e+00
2.425907e-01, 0.000000e+00
2.982658e-01, 0.000000e+00
3.645599e-01, 0.000000e+00
4.429664e-01, 0.000000e+00
5.350679e-01, 0.000000e+00
6.425151e-01, 0.000000e+00
7.669978e-01, 0.000000e+00
9.102090e-01, 0.000000e+00
1.073803e+00, 0.000000e+00
1.259344e+00, 0.000000e+00
1.468251e+00, 0.000000e+00
1.701737e+00, 0.000000e+00
1.960745e+00, 0.000000e+00
2.245877e+00, 0.000000e+00
2.557333e+00, 0.000000e+00
2.894841e+00, 0.000000e+00
3.257606e+00, 0.000000e+00
3.644254e+00, 0.000000e+00
4.052800e+00, 0.000000e+00
4.480618e+00, 0.000000e+00
4.924441e+00, 0.000000e+00
5.380373e+00, 0.000000e+00
5.843917e+00, 0.000000e+00
6.310039e+00, 0.000000e+00
6.773239e+00, 0.000000e+00
7.227647e+00, 0.000000e+00
7.667148e+00, 0.000000e+00
8.085505e+00, 0.000000e+00
8.476501e+00, 0.000000e+00
8.834104e+00, 0.000000e+00
9.152602e+00, 0.000000e+00
9.426774e+00, 0.000000e+00
9.652012e+00, 0.000000e+00
9.824466e+00, 0.000000e+00
9.941143e+00, 0.000000e+00
1.000000e+01, 0.000000e+00
1.000000e+01, 0.000000e+00
1.000000e+01, 0.000000e+00
1.000000e+01, 0.000000e+00
9.941143e+00, 0.000000e+00
9.824466e+00, 0.000000e+00
9.652012e+00, 0.000000e+00
9.426774e+00, 0.000000e+00
9.152602e+00, 0.000000e+00
8.834104e+00, 0.000000e+00
8.476501e+00, 0.000000e+00
8.085505e+00, 0.000000e+00
7.667148e+00, 0.000000e+00
7.227647e+00, 0.000000e+00
6.773239e+00, 0.000000e+00
6.310039e+00, 0.000000e+00
5.843917e+00, 0.000000e+00
5.380373e+00, 0.000000e+00
4.924441e+00, 0.000000e+00
4.480618e+00, 0.000000e+00
4.052800e+00, 0.000000e+00
3.644254e+00, 0.000000e+00
3.257606e+00, 0.000000e+00
2.894841e+00, 0.000000e+00
2.557333e+00, 0.000000e+00
2.245877e+00, 0.000000e+00
1.960745e+00, 0.000000e+00
1.701737e+00, 0.000000e+00
1.468251e+00, 0.000000e+00
1.259344e+00, 0.000000e+00
1.073803e+00, 0.000000e+00
9.102090e-01, 0.000000e+00
7.669978e-01, 0.000000e+00
6.425151e-01, 0.000000e+00
5.350679e-01, 0.000000e+00
4.429664e-01, 0.000000e+00
3.645599e-01, 0.000000e+00
2.982658e-01, 0.000000e+00
2.425907e-01, 0.000000e+00
1.961468e-01, 0.000000e+00
1.576612e-01, 0.000000e+00
1.259808e-01, 0.000000e+00
##END= 
