##TITLE= /u/exp/stan/nmr/lists/wave.hwt/zgaus050.80
##JCAMP-DX= 5.00 Bruker JCAMP library
##DATA TYPE= Shape Data
##ORIGIN= Bruker Analytik GmbH
##OWNER= <demo>
##DATE= 99/01/25
##TIME= 18:59:52
##MINX= 6.299042e-01
##MAXX= 5.000000e+01
##MINY= 0.000000e+00
##MAXY= 0.000000e+00
##$SHAPE_EXMODE= None
##$SHAPE_TOTROT= 0.000000e+00
##$SHAPE_BWFAC= 0.000000e+00
##$SHAPE_INTEGFAC= 2.160001e-01
##$SHAPE_MODE= 1
##NPOINTS= 80
##XYPOINTS= (XY..XY)
6.299042e-01, 0.000000e+00
7.883058e-01, 0.000000e+00
9.807342e-01, 0.000000e+00
1.212954e+00, 0.000000e+00
1.491329e+00, 0.000000e+00
1.822800e+00, 0.000000e+00
2.214832e+00, 0.000000e+00
2.675339e+00, 0.000000e+00
3.212576e+00, 0.000000e+00
3.834989e+00, 0.000000e+00
4.551045e+00, 0.000000e+00
5.369014e+00, 0.000000e+00
6.296717e+00, 0.000000e+00
7.341253e+00, 0.000000e+00
8.508686e+00, 0.000000e+00
9.803724e+00, 0.000000e+00
1.122939e+01, 0.000000e+00
1.278666e+01, 0.000000e+00
1.447421e+01, 0.000000e+00
1.628803e+01, 0.000000e+00
1.822127e+01, 0.000000e+00
2.026400e+01, 0.000000e+00
2.240309e+01, 0.000000e+00
2.462221e+01, 0.000000e+00
2.690186e+01, 0.000000e+00
2.921959e+01, 0.000000e+00
3.155020e+01, 0.000000e+00
3.386619e+01, 0.000000e+00
3.613824e+01, 0.000000e+00
3.833574e+01, 0.000000e+00
4.042752e+01, 0.000000e+00
4.238251e+01, 0.000000e+00
4.417052e+01, 0.000000e+00
4.576301e+01, 0.000000e+00
4.713387e+01, 0.000000e+00
4.826006e+01, 0.000000e+00
4.912233e+01, 0.000000e+00
4.970572e+01, 0.000000e+00
5.000000e+01, 0.000000e+00
5.000000e+01, 0.000000e+00
5.000000e+01, 0.000000e+00
5.000000e+01, 0.000000e+00
4.970572e+01, 0.000000e+00
4.912233e+01, 0.000000e+00
4.826006e+01, 0.000000e+00
4.713387e+01, 0.000000e+00
4.576301e+01, 0.000000e+00
4.417052e+01, 0.000000e+00
4.238251e+01, 0.000000e+00
4.042752e+01, 0.000000e+00
3.833574e+01, 0.000000e+00
3.613824e+01, 0.000000e+00
3.386619e+01, 0.000000e+00
3.155020e+01, 0.000000e+00
2.921959e+01, 0.000000e+00
2.690186e+01, 0.000000e+00
2.462221e+01, 0.000000e+00
2.240309e+01, 0.000000e+00
2.026400e+01, 0.000000e+00
1.822127e+01, 0.000000e+00
1.628803e+01, 0.000000e+00
1.447421e+01, 0.000000e+00
1.278666e+01, 0.000000e+00
1.122939e+01, 0.000000e+00
9.803724e+00, 0.000000e+00
8.508686e+00, 0.000000e+00
7.341253e+00, 0.000000e+00
6.296717e+00, 0.000000e+00
5.369014e+00, 0.000000e+00
4.551045e+00, 0.000000e+00
3.834989e+00, 0.000000e+00
3.212576e+00, 0.000000e+00
2.675339e+00, 0.000000e+00
2.214832e+00, 0.000000e+00
1.822800e+00, 0.000000e+00
1.491329e+00, 0.000000e+00
1.212954e+00, 0.000000e+00
9.807342e-01, 0.000000e+00
7.883058e-01, 0.000000e+00
6.299042e-01, 0.000000e+00
##END= 
