##TITLE= /u/exp/stan/nmr/lists/wave.hwt/zgaus020.80
##JCAMP-DX= 5.00 Bruker JCAMP library
##DATA TYPE= Shape Data
##ORIGIN= Bruker Analytik GmbH
##OWNER= <demo>
##DATE= 99/01/25
##TIME= 18:58:54
##MINX= 2.519616e-01
##MAXX= 2.000000e+01
##MINY= 0.000000e+00
##MAXY= 0.000000e+00
##$SHAPE_EXMODE= None
##$SHAPE_TOTROT= 0.000000e+00
##$SHAPE_BWFAC= 0.000000e+00
##$SHAPE_INTEGFAC= 8.640004e-02
##$SHAPE_MODE= 1
##NPOINTS= 80
##XYPOINTS= (XY..XY)
2.519616e-01, 0.000000e+00
3.153223e-01, 0.000000e+00
3.922937e-01, 0.000000e+00
4.851815e-01, 0.000000e+00
5.965316e-01, 0.000000e+00
7.291199e-01, 0.000000e+00
8.859328e-01, 0.000000e+00
1.070136e+00, 0.000000e+00
1.285030e+00, 0.000000e+00
1.533996e+00, 0.000000e+00
1.820418e+00, 0.000000e+00
2.147606e+00, 0.000000e+00
2.518687e+00, 0.000000e+00
2.936501e+00, 0.000000e+00
3.403474e+00, 0.000000e+00
3.921490e+00, 0.000000e+00
4.491754e+00, 0.000000e+00
5.114665e+00, 0.000000e+00
5.789682e+00, 0.000000e+00
6.515213e+00, 0.000000e+00
7.288509e+00, 0.000000e+00
8.105600e+00, 0.000000e+00
8.961236e+00, 0.000000e+00
9.848883e+00, 0.000000e+00
1.076075e+01, 0.000000e+00
1.168783e+01, 0.000000e+00
1.262008e+01, 0.000000e+00
1.354648e+01, 0.000000e+00
1.445529e+01, 0.000000e+00
1.533430e+01, 0.000000e+00
1.617101e+01, 0.000000e+00
1.695300e+01, 0.000000e+00
1.766821e+01, 0.000000e+00
1.830520e+01, 0.000000e+00
1.885355e+01, 0.000000e+00
1.930402e+01, 0.000000e+00
1.964893e+01, 0.000000e+00
1.988229e+01, 0.000000e+00
2.000000e+01, 0.000000e+00
2.000000e+01, 0.000000e+00
2.000000e+01, 0.000000e+00
2.000000e+01, 0.000000e+00
1.988229e+01, 0.000000e+00
1.964893e+01, 0.000000e+00
1.930402e+01, 0.000000e+00
1.885355e+01, 0.000000e+00
1.830520e+01, 0.000000e+00
1.766821e+01, 0.000000e+00
1.695300e+01, 0.000000e+00
1.617101e+01, 0.000000e+00
1.533430e+01, 0.000000e+00
1.445529e+01, 0.000000e+00
1.354648e+01, 0.000000e+00
1.262008e+01, 0.000000e+00
1.168783e+01, 0.000000e+00
1.076075e+01, 0.000000e+00
9.848883e+00, 0.000000e+00
8.961236e+00, 0.000000e+00
8.105600e+00, 0.000000e+00
7.288509e+00, 0.000000e+00
6.515213e+00, 0.000000e+00
5.789682e+00, 0.000000e+00
5.114665e+00, 0.000000e+00
4.491754e+00, 0.000000e+00
3.921490e+00, 0.000000e+00
3.403474e+00, 0.000000e+00
2.936501e+00, 0.000000e+00
2.518687e+00, 0.000000e+00
2.147606e+00, 0.000000e+00
1.820418e+00, 0.000000e+00
1.533996e+00, 0.000000e+00
1.285030e+00, 0.000000e+00
1.070136e+00, 0.000000e+00
8.859328e-01, 0.000000e+00
7.291199e-01, 0.000000e+00
5.965316e-01, 0.000000e+00
4.851815e-01, 0.000000e+00
3.922937e-01, 0.000000e+00
3.153223e-01, 0.000000e+00
2.519616e-01, 0.000000e+00
##END= 
