##TITLE= /u/exp/stan/nmr/lists/wave.hwt/zgaus095.80
##JCAMP-DX= 5.00 Bruker JCAMP library
##DATA TYPE= Shape Data
##ORIGIN= Bruker Analytik GmbH
##OWNER= <demo>
##DATE= 99/01/25
##TIME= 19:00:37
##MINX= 1.196818e+00
##MAXX= 9.500000e+01
##MINY= 0.000000e+00
##MAXY= 0.000000e+00
##$SHAPE_EXMODE= None
##$SHAPE_TOTROT= 0.000000e+00
##$SHAPE_BWFAC= 0.000000e+00
##$SHAPE_INTEGFAC= 4.104002e-01
##$SHAPE_MODE= 1
##NPOINTS= 80
##XYPOINTS= (XY..XY)
1.196818e+00, 0.000000e+00
1.497781e+00, 0.000000e+00
1.863395e+00, 0.000000e+00
2.304612e+00, 0.000000e+00
2.833525e+00, 0.000000e+00
3.463319e+00, 0.000000e+00
4.208181e+00, 0.000000e+00
5.083145e+00, 0.000000e+00
6.103894e+00, 0.000000e+00
7.286478e+00, 0.000000e+00
8.646986e+00, 0.000000e+00
1.020113e+01, 0.000000e+00
1.196376e+01, 0.000000e+00
1.394838e+01, 0.000000e+00
1.616650e+01, 0.000000e+00
1.862708e+01, 0.000000e+00
2.133583e+01, 0.000000e+00
2.429466e+01, 0.000000e+00
2.750099e+01, 0.000000e+00
3.094726e+01, 0.000000e+00
3.462041e+01, 0.000000e+00
3.850160e+01, 0.000000e+00
4.256587e+01, 0.000000e+00
4.678220e+01, 0.000000e+00
5.111354e+01, 0.000000e+00
5.551722e+01, 0.000000e+00
5.994537e+01, 0.000000e+00
6.434576e+01, 0.000000e+00
6.866265e+01, 0.000000e+00
7.283791e+01, 0.000000e+00
7.681229e+01, 0.000000e+00
8.052676e+01, 0.000000e+00
8.392398e+01, 0.000000e+00
8.694972e+01, 0.000000e+00
8.955435e+01, 0.000000e+00
9.169411e+01, 0.000000e+00
9.333242e+01, 0.000000e+00
9.444086e+01, 0.000000e+00
9.500000e+01, 0.000000e+00
9.500000e+01, 0.000000e+00
9.500000e+01, 0.000000e+00
9.500000e+01, 0.000000e+00
9.444086e+01, 0.000000e+00
9.333242e+01, 0.000000e+00
9.169411e+01, 0.000000e+00
8.955435e+01, 0.000000e+00
8.694972e+01, 0.000000e+00
8.392398e+01, 0.000000e+00
8.052676e+01, 0.000000e+00
7.681229e+01, 0.000000e+00
7.283791e+01, 0.000000e+00
6.866265e+01, 0.000000e+00
6.434576e+01, 0.000000e+00
5.994537e+01, 0.000000e+00
5.551722e+01, 0.000000e+00
5.111354e+01, 0.000000e+00
4.678220e+01, 0.000000e+00
4.256587e+01, 0.000000e+00
3.850160e+01, 0.000000e+00
3.462041e+01, 0.000000e+00
3.094726e+01, 0.000000e+00
2.750099e+01, 0.000000e+00
2.429466e+01, 0.000000e+00
2.133583e+01, 0.000000e+00
1.862708e+01, 0.000000e+00
1.616650e+01, 0.000000e+00
1.394838e+01, 0.000000e+00
1.196376e+01, 0.000000e+00
1.020113e+01, 0.000000e+00
8.646986e+00, 0.000000e+00
7.286478e+00, 0.000000e+00
6.103894e+00, 0.000000e+00
5.083145e+00, 0.000000e+00
4.208181e+00, 0.000000e+00
3.463319e+00, 0.000000e+00
2.833525e+00, 0.000000e+00
2.304612e+00, 0.000000e+00
1.863395e+00, 0.000000e+00
1.497781e+00, 0.000000e+00
1.196818e+00, 0.000000e+00
##END= 
