##TITLE= /u/exp/stan/nmr/lists/wave.hwt/zgaus075.80
##JCAMP-DX= 5.00 Bruker JCAMP library
##DATA TYPE= Shape Data
##ORIGIN= Bruker Analytik GmbH
##OWNER= <demo>
##DATE= 99/01/25
##TIME= 19:00:22
##MINX= 9.448562e-01
##MAXX= 7.500000e+01
##MINY= 0.000000e+00
##MAXY= 0.000000e+00
##$SHAPE_EXMODE= None
##$SHAPE_TOTROT= 0.000000e+00
##$SHAPE_BWFAC= 0.000000e+00
##$SHAPE_INTEGFAC= 3.240001e-01
##$SHAPE_MODE= 1
##NPOINTS= 80
##XYPOINTS= (XY..XY)
9.448562e-01, 0.000000e+00
1.182459e+00, 0.000000e+00
1.471101e+00, 0.000000e+00
1.819430e+00, 0.000000e+00
2.236993e+00, 0.000000e+00
2.734200e+00, 0.000000e+00
3.322248e+00, 0.000000e+00
4.013009e+00, 0.000000e+00
4.818863e+00, 0.000000e+00
5.752483e+00, 0.000000e+00
6.826568e+00, 0.000000e+00
8.053520e+00, 0.000000e+00
9.445076e+00, 0.000000e+00
1.101188e+01, 0.000000e+00
1.276303e+01, 0.000000e+00
1.470559e+01, 0.000000e+00
1.684408e+01, 0.000000e+00
1.917999e+01, 0.000000e+00
2.171131e+01, 0.000000e+00
2.443204e+01, 0.000000e+00
2.733191e+01, 0.000000e+00
3.039600e+01, 0.000000e+00
3.360463e+01, 0.000000e+00
3.693331e+01, 0.000000e+00
4.035279e+01, 0.000000e+00
4.382938e+01, 0.000000e+00
4.732529e+01, 0.000000e+00
5.079929e+01, 0.000000e+00
5.420736e+01, 0.000000e+00
5.750360e+01, 0.000000e+00
6.064128e+01, 0.000000e+00
6.357376e+01, 0.000000e+00
6.625578e+01, 0.000000e+00
6.864451e+01, 0.000000e+00
7.070080e+01, 0.000000e+00
7.239008e+01, 0.000000e+00
7.368349e+01, 0.000000e+00
7.455857e+01, 0.000000e+00
7.500000e+01, 0.000000e+00
7.500000e+01, 0.000000e+00
7.500000e+01, 0.000000e+00
7.500000e+01, 0.000000e+00
7.455857e+01, 0.000000e+00
7.368349e+01, 0.000000e+00
7.239008e+01, 0.000000e+00
7.070080e+01, 0.000000e+00
6.864451e+01, 0.000000e+00
6.625578e+01, 0.000000e+00
6.357376e+01, 0.000000e+00
6.064128e+01, 0.000000e+00
5.750360e+01, 0.000000e+00
5.420736e+01, 0.000000e+00
5.079929e+01, 0.000000e+00
4.732529e+01, 0.000000e+00
4.382938e+01, 0.000000e+00
4.035279e+01, 0.000000e+00
3.693331e+01, 0.000000e+00
3.360463e+01, 0.000000e+00
3.039600e+01, 0.000000e+00
2.733191e+01, 0.000000e+00
2.443204e+01, 0.000000e+00
2.171131e+01, 0.000000e+00
1.917999e+01, 0.000000e+00
1.684408e+01, 0.000000e+00
1.470559e+01, 0.000000e+00
1.276303e+01, 0.000000e+00
1.101188e+01, 0.000000e+00
9.445076e+00, 0.000000e+00
8.053520e+00, 0.000000e+00
6.826568e+00, 0.000000e+00
5.752483e+00, 0.000000e+00
4.818863e+00, 0.000000e+00
4.013009e+00, 0.000000e+00
3.322248e+00, 0.000000e+00
2.734200e+00, 0.000000e+00
2.236993e+00, 0.000000e+00
1.819430e+00, 0.000000e+00
1.471101e+00, 0.000000e+00
1.182459e+00, 0.000000e+00
9.448562e-01, 0.000000e+00
##END= 
