##TITLE= /u/exp/stan/nmr/lists/wave.hwt/zgaus040.80
##JCAMP-DX= 5.00 Bruker JCAMP library
##DATA TYPE= Shape Data
##ORIGIN= Bruker Analytik GmbH
##OWNER= <demo>
##DATE= 99/01/25
##TIME= 18:59:34
##MINX= 5.039233e-01
##MAXX= 4.000000e+01
##MINY= 0.000000e+00
##MAXY= 0.000000e+00
##$SHAPE_EXMODE= None
##$SHAPE_TOTROT= 0.000000e+00
##$SHAPE_BWFAC= 0.000000e+00
##$SHAPE_INTEGFAC= 1.728001e-01
##$SHAPE_MODE= 1
##NPOINTS= 80
##XYPOINTS= (XY..XY)
5.039233e-01, 0.000000e+00
6.306447e-01, 0.000000e+00
7.845874e-01, 0.000000e+00
9.703629e-01, 0.000000e+00
1.193063e+00, 0.000000e+00
1.458240e+00, 0.000000e+00
1.771866e+00, 0.000000e+00
2.140271e+00, 0.000000e+00
2.570060e+00, 0.000000e+00
3.067991e+00, 0.000000e+00
3.640836e+00, 0.000000e+00
4.295211e+00, 0.000000e+00
5.037374e+00, 0.000000e+00
5.873003e+00, 0.000000e+00
6.806949e+00, 0.000000e+00
7.842979e+00, 0.000000e+00
8.983508e+00, 0.000000e+00
1.022933e+01, 0.000000e+00
1.157936e+01, 0.000000e+00
1.303043e+01, 0.000000e+00
1.457702e+01, 0.000000e+00
1.621120e+01, 0.000000e+00
1.792247e+01, 0.000000e+00
1.969777e+01, 0.000000e+00
2.152149e+01, 0.000000e+00
2.337567e+01, 0.000000e+00
2.524016e+01, 0.000000e+00
2.709295e+01, 0.000000e+00
2.891059e+01, 0.000000e+00
3.066859e+01, 0.000000e+00
3.234202e+01, 0.000000e+00
3.390600e+01, 0.000000e+00
3.533641e+01, 0.000000e+00
3.661041e+01, 0.000000e+00
3.770710e+01, 0.000000e+00
3.860805e+01, 0.000000e+00
3.929786e+01, 0.000000e+00
3.976457e+01, 0.000000e+00
4.000000e+01, 0.000000e+00
4.000000e+01, 0.000000e+00
4.000000e+01, 0.000000e+00
4.000000e+01, 0.000000e+00
3.976457e+01, 0.000000e+00
3.929786e+01, 0.000000e+00
3.860805e+01, 0.000000e+00
3.770710e+01, 0.000000e+00
3.661041e+01, 0.000000e+00
3.533641e+01, 0.000000e+00
3.390600e+01, 0.000000e+00
3.234202e+01, 0.000000e+00
3.066859e+01, 0.000000e+00
2.891059e+01, 0.000000e+00
2.709295e+01, 0.000000e+00
2.524016e+01, 0.000000e+00
2.337567e+01, 0.000000e+00
2.152149e+01, 0.000000e+00
1.969777e+01, 0.000000e+00
1.792247e+01, 0.000000e+00
1.621120e+01, 0.000000e+00
1.457702e+01, 0.000000e+00
1.303043e+01, 0.000000e+00
1.157936e+01, 0.000000e+00
1.022933e+01, 0.000000e+00
8.983508e+00, 0.000000e+00
7.842979e+00, 0.000000e+00
6.806949e+00, 0.000000e+00
5.873003e+00, 0.000000e+00
5.037374e+00, 0.000000e+00
4.295211e+00, 0.000000e+00
3.640836e+00, 0.000000e+00
3.067991e+00, 0.000000e+00
2.570060e+00, 0.000000e+00
2.140271e+00, 0.000000e+00
1.771866e+00, 0.000000e+00
1.458240e+00, 0.000000e+00
1.193063e+00, 0.000000e+00
9.703629e-01, 0.000000e+00
7.845874e-01, 0.000000e+00
6.306447e-01, 0.000000e+00
5.039233e-01, 0.000000e+00
##END= 
