##TITLE= /u/exp/stan/nmr/lists/wave.hwt/zgaus065.80
##JCAMP-DX= 5.00 Bruker JCAMP library
##DATA TYPE= Shape Data
##ORIGIN= Bruker Analytik GmbH
##OWNER= <demo>
##DATE= 99/01/25
##TIME= 19:00:15
##MINX= 8.188753e-01
##MAXX= 6.500000e+01
##MINY= 0.000000e+00
##MAXY= 0.000000e+00
##$SHAPE_EXMODE= None
##$SHAPE_TOTROT= 0.000000e+00
##$SHAPE_BWFAC= 0.000000e+00
##$SHAPE_INTEGFAC= 2.808001e-01
##$SHAPE_MODE= 1
##NPOINTS= 80
##XYPOINTS= (XY..XY)
8.188753e-01, 0.000000e+00
1.024797e+00, 0.000000e+00
1.274954e+00, 0.000000e+00
1.576840e+00, 0.000000e+00
1.938727e+00, 0.000000e+00
2.369639e+00, 0.000000e+00
2.879282e+00, 0.000000e+00
3.477941e+00, 0.000000e+00
4.176348e+00, 0.000000e+00
4.985485e+00, 0.000000e+00
5.916358e+00, 0.000000e+00
6.979717e+00, 0.000000e+00
8.185732e+00, 0.000000e+00
9.543628e+00, 0.000000e+00
1.106129e+01, 0.000000e+00
1.274484e+01, 0.000000e+00
1.459820e+01, 0.000000e+00
1.662266e+01, 0.000000e+00
1.881647e+01, 0.000000e+00
2.117444e+01, 0.000000e+00
2.368765e+01, 0.000000e+00
2.634320e+01, 0.000000e+00
2.912402e+01, 0.000000e+00
3.200887e+01, 0.000000e+00
3.497242e+01, 0.000000e+00
3.798546e+01, 0.000000e+00
4.101525e+01, 0.000000e+00
4.402605e+01, 0.000000e+00
4.697971e+01, 0.000000e+00
4.983646e+01, 0.000000e+00
5.255577e+01, 0.000000e+00
5.509726e+01, 0.000000e+00
5.742167e+01, 0.000000e+00
5.949191e+01, 0.000000e+00
6.127403e+01, 0.000000e+00
6.273807e+01, 0.000000e+00
6.385902e+01, 0.000000e+00
6.461742e+01, 0.000000e+00
6.500000e+01, 0.000000e+00
6.500000e+01, 0.000000e+00
6.500000e+01, 0.000000e+00
6.500000e+01, 0.000000e+00
6.461742e+01, 0.000000e+00
6.385902e+01, 0.000000e+00
6.273807e+01, 0.000000e+00
6.127403e+01, 0.000000e+00
5.949191e+01, 0.000000e+00
5.742167e+01, 0.000000e+00
5.509726e+01, 0.000000e+00
5.255577e+01, 0.000000e+00
4.983646e+01, 0.000000e+00
4.697971e+01, 0.000000e+00
4.402605e+01, 0.000000e+00
4.101525e+01, 0.000000e+00
3.798546e+01, 0.000000e+00
3.497242e+01, 0.000000e+00
3.200887e+01, 0.000000e+00
2.912402e+01, 0.000000e+00
2.634320e+01, 0.000000e+00
2.368765e+01, 0.000000e+00
2.117444e+01, 0.000000e+00
1.881647e+01, 0.000000e+00
1.662266e+01, 0.000000e+00
1.459820e+01, 0.000000e+00
1.274484e+01, 0.000000e+00
1.106129e+01, 0.000000e+00
9.543628e+00, 0.000000e+00
8.185732e+00, 0.000000e+00
6.979717e+00, 0.000000e+00
5.916358e+00, 0.000000e+00
4.985485e+00, 0.000000e+00
4.176348e+00, 0.000000e+00
3.477941e+00, 0.000000e+00
2.879282e+00, 0.000000e+00
2.369639e+00, 0.000000e+00
1.938727e+00, 0.000000e+00
1.576840e+00, 0.000000e+00
1.274954e+00, 0.000000e+00
1.024797e+00, 0.000000e+00
8.188753e-01, 0.000000e+00
##END= 
