##TITLE= /u/exp/stan/nmr/lists/wave.hwt/zgaus090.80
##JCAMP-DX= 5.00 Bruker JCAMP library
##DATA TYPE= Shape Data
##ORIGIN= Bruker Analytik GmbH
##OWNER= <demo>
##DATE= 99/01/25
##TIME= 19:00:33
##MINX= 1.133827e+00
##MAXX= 9.000000e+01
##MINY= 0.000000e+00
##MAXY= 0.000000e+00
##$SHAPE_EXMODE= None
##$SHAPE_TOTROT= 0.000000e+00
##$SHAPE_BWFAC= 0.000000e+00
##$SHAPE_INTEGFAC= 3.888002e-01
##$SHAPE_MODE= 1
##NPOINTS= 80
##XYPOINTS= (XY..XY)
1.133827e+00, 0.000000e+00
1.418950e+00, 0.000000e+00
1.765321e+00, 0.000000e+00
2.183316e+00, 0.000000e+00
2.684392e+00, 0.000000e+00
3.281039e+00, 0.000000e+00
3.986698e+00, 0.000000e+00
4.815611e+00, 0.000000e+00
5.782636e+00, 0.000000e+00
6.902979e+00, 0.000000e+00
8.191881e+00, 0.000000e+00
9.664224e+00, 0.000000e+00
1.133409e+01, 0.000000e+00
1.321425e+01, 0.000000e+00
1.531563e+01, 0.000000e+00
1.764670e+01, 0.000000e+00
2.021289e+01, 0.000000e+00
2.301599e+01, 0.000000e+00
2.605357e+01, 0.000000e+00
2.931845e+01, 0.000000e+00
3.279829e+01, 0.000000e+00
3.647520e+01, 0.000000e+00
4.032556e+01, 0.000000e+00
4.431997e+01, 0.000000e+00
4.842335e+01, 0.000000e+00
5.259525e+01, 0.000000e+00
5.679035e+01, 0.000000e+00
6.095914e+01, 0.000000e+00
6.504883e+01, 0.000000e+00
6.900433e+01, 0.000000e+00
7.276953e+01, 0.000000e+00
7.628851e+01, 0.000000e+00
7.950693e+01, 0.000000e+00
8.237341e+01, 0.000000e+00
8.484096e+01, 0.000000e+00
8.686810e+01, 0.000000e+00
8.842018e+01, 0.000000e+00
8.947028e+01, 0.000000e+00
9.000000e+01, 0.000000e+00
9.000000e+01, 0.000000e+00
9.000000e+01, 0.000000e+00
9.000000e+01, 0.000000e+00
8.947028e+01, 0.000000e+00
8.842018e+01, 0.000000e+00
8.686810e+01, 0.000000e+00
8.484096e+01, 0.000000e+00
8.237341e+01, 0.000000e+00
7.950693e+01, 0.000000e+00
7.628851e+01, 0.000000e+00
7.276953e+01, 0.000000e+00
6.900433e+01, 0.000000e+00
6.504883e+01, 0.000000e+00
6.095914e+01, 0.000000e+00
5.679035e+01, 0.000000e+00
5.259525e+01, 0.000000e+00
4.842335e+01, 0.000000e+00
4.431997e+01, 0.000000e+00
4.032556e+01, 0.000000e+00
3.647520e+01, 0.000000e+00
3.279829e+01, 0.000000e+00
2.931845e+01, 0.000000e+00
2.605357e+01, 0.000000e+00
2.301599e+01, 0.000000e+00
2.021289e+01, 0.000000e+00
1.764670e+01, 0.000000e+00
1.531563e+01, 0.000000e+00
1.321425e+01, 0.000000e+00
1.133409e+01, 0.000000e+00
9.664224e+00, 0.000000e+00
8.191881e+00, 0.000000e+00
6.902979e+00, 0.000000e+00
5.782636e+00, 0.000000e+00
4.815611e+00, 0.000000e+00
3.986698e+00, 0.000000e+00
3.281039e+00, 0.000000e+00
2.684392e+00, 0.000000e+00
2.183316e+00, 0.000000e+00
1.765321e+00, 0.000000e+00
1.418950e+00, 0.000000e+00
1.133827e+00, 0.000000e+00
##END= 
