##TITLE= /u/exp/stan/nmr/lists/wave.hwt/zgaus035.80
##JCAMP-DX= 5.00 Bruker JCAMP library
##DATA TYPE= Shape Data
##ORIGIN= Bruker Analytik GmbH
##OWNER= <demo>
##DATE= 99/01/25
##TIME= 18:59:26
##MINX= 4.409329e-01
##MAXX= 3.500000e+01
##MINY= 0.000000e+00
##MAXY= 0.000000e+00
##$SHAPE_EXMODE= None
##$SHAPE_TOTROT= 0.000000e+00
##$SHAPE_BWFAC= 0.000000e+00
##$SHAPE_INTEGFAC= 1.512001e-01
##$SHAPE_MODE= 1
##NPOINTS= 80
##XYPOINTS= (XY..XY)
4.409329e-01, 0.000000e+00
5.518140e-01, 0.000000e+00
6.865139e-01, 0.000000e+00
8.490675e-01, 0.000000e+00
1.043930e+00, 0.000000e+00
1.275960e+00, 0.000000e+00
1.550382e+00, 0.000000e+00
1.872738e+00, 0.000000e+00
2.248803e+00, 0.000000e+00
2.684492e+00, 0.000000e+00
3.185732e+00, 0.000000e+00
3.758310e+00, 0.000000e+00
4.407702e+00, 0.000000e+00
5.138877e+00, 0.000000e+00
5.956080e+00, 0.000000e+00
6.862607e+00, 0.000000e+00
7.860569e+00, 0.000000e+00
8.950664e+00, 0.000000e+00
1.013194e+01, 0.000000e+00
1.140162e+01, 0.000000e+00
1.275489e+01, 0.000000e+00
1.418480e+01, 0.000000e+00
1.568216e+01, 0.000000e+00
1.723555e+01, 0.000000e+00
1.883130e+01, 0.000000e+00
2.045371e+01, 0.000000e+00
2.208514e+01, 0.000000e+00
2.370633e+01, 0.000000e+00
2.529677e+01, 0.000000e+00
2.683502e+01, 0.000000e+00
2.829926e+01, 0.000000e+00
2.966775e+01, 0.000000e+00
3.091936e+01, 0.000000e+00
3.203411e+01, 0.000000e+00
3.299371e+01, 0.000000e+00
3.378204e+01, 0.000000e+00
3.438563e+01, 0.000000e+00
3.479400e+01, 0.000000e+00
3.500000e+01, 0.000000e+00
3.500000e+01, 0.000000e+00
3.500000e+01, 0.000000e+00
3.500000e+01, 0.000000e+00
3.479400e+01, 0.000000e+00
3.438563e+01, 0.000000e+00
3.378204e+01, 0.000000e+00
3.299371e+01, 0.000000e+00
3.203411e+01, 0.000000e+00
3.091936e+01, 0.000000e+00
2.966775e+01, 0.000000e+00
2.829926e+01, 0.000000e+00
2.683502e+01, 0.000000e+00
2.529677e+01, 0.000000e+00
2.370633e+01, 0.000000e+00
2.208514e+01, 0.000000e+00
2.045371e+01, 0.000000e+00
1.883130e+01, 0.000000e+00
1.723555e+01, 0.000000e+00
1.568216e+01, 0.000000e+00
1.418480e+01, 0.000000e+00
1.275489e+01, 0.000000e+00
1.140162e+01, 0.000000e+00
1.013194e+01, 0.000000e+00
8.950664e+00, 0.000000e+00
7.860569e+00, 0.000000e+00
6.862607e+00, 0.000000e+00
5.956080e+00, 0.000000e+00
5.138877e+00, 0.000000e+00
4.407702e+00, 0.000000e+00
3.758310e+00, 0.000000e+00
3.185732e+00, 0.000000e+00
2.684492e+00, 0.000000e+00
2.248803e+00, 0.000000e+00
1.872738e+00, 0.000000e+00
1.550382e+00, 0.000000e+00
1.275960e+00, 0.000000e+00
1.043930e+00, 0.000000e+00
8.490675e-01, 0.000000e+00
6.865139e-01, 0.000000e+00
5.518140e-01, 0.000000e+00
4.409329e-01, 0.000000e+00
##END= 
