##TITLE= /u/exp/stan/nmr/lists/wave.hwt/zgaus080.80
##JCAMP-DX= 5.00 Bruker JCAMP library
##DATA TYPE= Shape Data
##ORIGIN= Bruker Analytik GmbH
##OWNER= <demo>
##DATE= 99/01/25
##TIME= 19:00:25
##MINX= 1.007847e+00
##MAXX= 8.000000e+01
##MINY= 0.000000e+00
##MAXY= 0.000000e+00
##$SHAPE_EXMODE= None
##$SHAPE_TOTROT= 0.000000e+00
##$SHAPE_BWFAC= 0.000000e+00
##$SHAPE_INTEGFAC= 3.456002e-01
##$SHAPE_MODE= 1
##NPOINTS= 80
##XYPOINTS= (XY..XY)
1.007847e+00, 0.000000e+00
1.261289e+00, 0.000000e+00
1.569175e+00, 0.000000e+00
1.940726e+00, 0.000000e+00
2.386126e+00, 0.000000e+00
2.916480e+00, 0.000000e+00
3.543731e+00, 0.000000e+00
4.280543e+00, 0.000000e+00
5.140121e+00, 0.000000e+00
6.135982e+00, 0.000000e+00
7.281672e+00, 0.000000e+00
8.590422e+00, 0.000000e+00
1.007475e+01, 0.000000e+00
1.174600e+01, 0.000000e+00
1.361390e+01, 0.000000e+00
1.568596e+01, 0.000000e+00
1.796702e+01, 0.000000e+00
2.045866e+01, 0.000000e+00
2.315873e+01, 0.000000e+00
2.606085e+01, 0.000000e+00
2.915404e+01, 0.000000e+00
3.242240e+01, 0.000000e+00
3.584494e+01, 0.000000e+00
3.939553e+01, 0.000000e+00
4.304298e+01, 0.000000e+00
4.675134e+01, 0.000000e+00
5.048031e+01, 0.000000e+00
5.418591e+01, 0.000000e+00
5.782118e+01, 0.000000e+00
6.133718e+01, 0.000000e+00
6.468404e+01, 0.000000e+00
6.781200e+01, 0.000000e+00
7.067283e+01, 0.000000e+00
7.322082e+01, 0.000000e+00
7.541419e+01, 0.000000e+00
7.721609e+01, 0.000000e+00
7.859572e+01, 0.000000e+00
7.952914e+01, 0.000000e+00
8.000000e+01, 0.000000e+00
8.000000e+01, 0.000000e+00
8.000000e+01, 0.000000e+00
8.000000e+01, 0.000000e+00
7.952914e+01, 0.000000e+00
7.859572e+01, 0.000000e+00
7.721609e+01, 0.000000e+00
7.541419e+01, 0.000000e+00
7.322082e+01, 0.000000e+00
7.067283e+01, 0.000000e+00
6.781200e+01, 0.000000e+00
6.468404e+01, 0.000000e+00
6.133718e+01, 0.000000e+00
5.782118e+01, 0.000000e+00
5.418591e+01, 0.000000e+00
5.048031e+01, 0.000000e+00
4.675134e+01, 0.000000e+00
4.304298e+01, 0.000000e+00
3.939553e+01, 0.000000e+00
3.584494e+01, 0.000000e+00
3.242240e+01, 0.000000e+00
2.915404e+01, 0.000000e+00
2.606085e+01, 0.000000e+00
2.315873e+01, 0.000000e+00
2.045866e+01, 0.000000e+00
1.796702e+01, 0.000000e+00
1.568596e+01, 0.000000e+00
1.361390e+01, 0.000000e+00
1.174600e+01, 0.000000e+00
1.007475e+01, 0.000000e+00
8.590422e+00, 0.000000e+00
7.281672e+00, 0.000000e+00
6.135982e+00, 0.000000e+00
5.140121e+00, 0.000000e+00
4.280543e+00, 0.000000e+00
3.543731e+00, 0.000000e+00
2.916480e+00, 0.000000e+00
2.386126e+00, 0.000000e+00
1.940726e+00, 0.000000e+00
1.569175e+00, 0.000000e+00
1.261289e+00, 0.000000e+00
1.007847e+00, 0.000000e+00
##END= 
